date,facility,itin_carrier,itin_taxi,itin_ga,itin_military,itin_total,lcl_civil,lcl_military,lcl_total,total
2010-01-01,MWH,0,3,0,0,3,0,0,0,3
2013-09-06,MWH,22,6,13,26,67,0,24,24,91
2018-07-27,MWH,104,105,57,24,290,222,44,266,556
2013-09-05,MWH,14,6,16,12,48,0,6,6,54
2018-07-28,MWH,4,18,8,0,30,12,0,12,42
2013-09-04,MWH,28,5,23,39,95,2,84,86,181
2018-07-29,MWH,37,4,32,0,73,11,0,11,84
2013-09-03,MWH,8,4,23,40,75,0,90,90,165
2018-07-26,MWH,13,108,54,8,183,208,12,220,403
2018-07-30,MWH,143,81,39,8,271,286,58,344,615
2018-07-31,MWH,59,86,37,5,187,208,0,208,395
2013-09-01,MWH,4,1,22,0,27,0,0,0,27
2018-08-01,MWH,91,70,33,14,208,152,12,164,372
2013-08-31,MWH,10,6,33,0,49,2,0,2,51
2018-08-02,MWH,120,90,73,17,300,210,43,253,553
2013-08-30,MWH,9,6,22,0,37,2,0,2,39
2018-08-03,MWH,94,68,46,17,225,166,16,182,407
2013-09-02,MWH,2,1,7,0,10,84,0,84,94
2013-09-07,MWH,8,5,26,28,67,18,46,64,131
2018-07-25,MWH,5,95,56,2,158,187,8,195,353
2013-09-08,MWH,8,5,14,0,27,6,0,6,33
2018-07-16,MWH,6,101,23,35,165,156,54,210,375
2013-09-16,MWH,68,5,35,60,168,22,114,136,304
2018-07-17,MWH,12,109,28,8,157,159,30,189,346
2013-09-15,MWH,3,1,10,4,18,14,0,14,32
2018-07-18,MWH,17,99,27,32,175,132,49,181,356
2013-09-14,MWH,6,4,23,7,40,1,22,23,63
2018-07-19,MWH,34,107,43,3,187,161,0,161,348
2013-09-13,MWH,29,3,32,65,129,17,114,131,260
2018-07-20,MWH,17,129,30,7,183,214,14,228,411
2013-09-12,MWH,38,4,14,39,95,14,30,44,139
2018-07-21,MWH,15,5,17,0,37,0,0,0,37
2013-09-11,MWH,24,11,33,24,92,6,34,40,132
2018-07-22,MWH,8,0,12,0,20,10,0,10,30
2013-09-10,MWH,33,5,26,40,104,20,50,70,174
2018-07-23,MWH,16,138,26,4,184,310,8,318,502
2013-09-09,MWH,12,4,17,16,49,2,0,2,51
2018-07-24,MWH,10,120,55,15,200,134,44,178,378
2013-08-29,MWH,39,6,26,20,91,7,42,49,140
2018-08-04,MWH,70,9,36,1,116,68,0,68,184
2013-08-28,MWH,35,5,28,27,95,30,10,40,135
2018-08-05,MWH,71,2,34,3,110,10,0,10,120
2018-08-16,MWH,28,6,25,29,88,0,12,12,100
2013-08-16,MWH,59,10,11,44,124,2,82,84,208
2018-08-17,MWH,26,9,19,5,59,0,0,0,59
2013-08-15,MWH,32,7,16,19,74,0,20,20,94
2018-08-18,MWH,14,0,17,7,38,60,0,60,98
2013-08-14,MWH,4,6,21,37,68,9,42,51,119
2018-08-19,MWH,4,1,2,2,9,0,0,0,9
2013-08-13,MWH,91,4,28,29,152,62,24,86,238
2018-08-20,MWH,10,10,16,8,44,0,0,0,44
2013-08-12,MWH,75,5,42,61,183,41,64,105,288
2018-08-21,MWH,26,5,14,24,69,0,42,42,111
2013-08-11,MWH,19,6,7,7,39,0,4,4,43
2018-08-22,MWH,24,25,41,42,132,45,36,81,213
2013-08-10,MWH,28,20,5,0,53,1,0,1,54
2018-08-23,MWH,4,21,26,16,67,12,25,37,104
2013-08-09,MWH,81,7,40,35,163,44,40,84,247
2018-08-24,MWH,12,12,31,23,78,16,16,32,110
2013-08-17,MWH,14,2,21,2,39,1,0,1,40
2013-09-17,MWH,32,7,68,47,154,32,44,76,230
2018-08-15,MWH,38,4,30,29,101,4,22,26,127
2018-08-14,MWH,33,7,13,24,77,0,4,4,81
2013-08-27,MWH,34,6,19,32,91,59,40,99,190
2018-08-06,MWH,172,37,35,17,261,60,0,60,321
2013-08-26,MWH,23,5,7,21,56,19,20,39,95
2018-08-07,MWH,77,9,50,3,139,20,0,20,159
2013-08-25,MWH,8,2,5,4,19,0,16,16,35
2018-08-08,MWH,82,23,33,1,139,45,0,45,184
2013-08-24,MWH,6,5,6,0,17,88,0,88,105
2018-08-09,MWH,11,7,34,1,53,8,8,16,69
2013-08-23,MWH,8,12,16,23,59,38,42,80,139
2018-08-10,MWH,30,22,29,10,91,28,26,54,145
2013-08-22,MWH,46,8,25,19,98,14,18,32,130
2018-08-11,MWH,13,6,28,1,48,14,0,14,62
2013-08-21,MWH,34,14,37,44,129,53,28,81,210
2018-08-12,MWH,10,6,27,16,59,28,26,54,113
2013-08-20,MWH,8,20,41,70,139,4,59,63,202
2018-08-13,MWH,12,5,19,1,37,2,0,2,39
2013-08-19,MWH,30,14,27,41,112,2,58,60,172
2013-08-18,MWH,2,3,26,23,54,8,12,20,74
2018-07-15,MWH,4,2,24,2,32,8,0,8,40
2013-09-18,MWH,8,4,80,15,107,78,10,88,195
2018-07-14,MWH,16,56,16,7,95,0,0,0,95
2013-10-18,MWH,0,6,62,40,108,342,28,370,478
2018-06-15,MWH,41,12,36,22,111,24,34,58,169
2013-10-17,MWH,9,4,32,9,54,12,88,100,154
2018-06-16,MWH,6,7,14,0,27,18,0,18,45
2013-10-16,MWH,20,11,144,21,196,322,49,371,567
2018-06-17,MWH,7,1,5,3,16,0,0,0,16
2013-10-15,MWH,39,4,108,19,170,297,6,303,473
2018-06-18,MWH,24,6,30,12,72,8,22,30,102
2013-10-14,MWH,26,6,126,1,159,296,0,296,455
2018-06-19,MWH,16,4,32,14,66,35,37,72,138
2013-10-13,MWH,53,2,11,0,66,6,0,6,72
2018-06-20,MWH,8,4,20,31,63,0,0,0,63
2013-10-12,MWH,39,2,9,0,50,0,0,0,50
2018-06-21,MWH,27,5,14,17,63,0,0,0,63
2013-10-11,MWH,17,5,14,27,63,20,46,66,129
2018-06-22,MWH,10,6,15,15,46,0,0,0,46
2013-10-10,MWH,11,4,104,53,172,198,76,274,446
2018-06-14,MWH,20,34,35,15,104,23,94,117,221
2018-06-23,MWH,14,4,7,1,26,0,0,0,26
2013-10-19,MWH,7,4,4,0,15,12,0,12,27
2013-10-20,MWH,4,0,1,0,5,8,0,8,13
2018-06-04,MWH,9,81,39,33,162,216,32,248,410
2013-10-28,MWH,24,6,31,26,87,166,80,246,333
2018-06-05,MWH,16,89,49,18,172,289,44,333,505
2013-10-27,MWH,13,0,0,3,16,0,0,0,16
2018-06-06,MWH,13,101,49,6,169,307,8,315,484
2013-10-26,MWH,4,3,12,2,21,18,10,28,49
2018-06-07,MWH,12,94,52,4,162,258,0,258,420
2013-10-25,MWH,52,4,55,80,191,24,92,116,307
2018-06-08,MWH,14,9,33,28,84,36,71,107,191
2013-10-24,MWH,9,10,109,20,148,360,12,372,520
2018-06-09,MWH,0,0,14,6,20,10,34,44,64
2013-10-23,MWH,26,4,120,23,173,362,12,374,547
2018-06-10,MWH,4,2,7,0,13,5,0,5,18
2013-10-22,MWH,28,7,84,13,132,422,80,502,634
2018-06-11,MWH,10,76,22,23,131,164,78,242,373
2013-10-21,MWH,11,10,124,68,213,326,104,430,643
2018-06-12,MWH,6,80,53,20,159,205,34,239,398
2018-06-13,MWH,8,22,35,37,102,40,42,82,184
2013-08-08,MWH,48,11,99,57,215,64,76,140,355
2013-10-09,MWH,21,6,123,22,172,402,38,440,612
2013-10-08,MWH,25,6,78,3,112,216,0,216,328
2013-09-27,MWH,58,7,12,23,100,6,62,68,168
2018-07-06,MWH,21,101,26,3,151,234,4,238,389
2013-09-26,MWH,28,4,93,31,156,216,60,276,432
2018-07-07,MWH,18,1,28,6,53,6,0,6,59
2013-09-25,MWH,18,8,105,31,162,206,20,226,388
2018-07-08,MWH,0,0,33,3,36,32,0,32,68
2013-09-24,MWH,10,6,118,15,149,238,30,268,417
2018-07-09,MWH,4,127,34,17,182,176,52,228,410
2013-09-23,MWH,38,4,61,41,144,92,25,117,261
2018-07-10,MWH,20,106,19,14,159,142,2,144,303
2013-09-22,MWH,30,6,6,0,42,0,0,0,42
2018-07-11,MWH,6,109,41,24,180,200,36,236,416
2013-09-21,MWH,44,2,8,0,54,0,0,0,54
2018-07-12,MWH,16,113,43,25,197,212,0,212,409
2013-09-20,MWH,37,8,28,26,99,46,32,78,177
2018-07-13,MWH,14,110,52,10,186,108,0,108,294
2013-09-19,MWH,33,9,76,25,143,116,18,134,277
2018-07-05,MWH,18,102,33,0,153,275,0,275,428
2018-06-24,MWH,16,0,8,1,25,0,0,0,25
2013-09-28,MWH,0,2,24,0,26,0,0,0,26
2013-09-29,MWH,0,4,13,0,17,6,0,6,23
2018-06-25,MWH,16,20,22,37,95,0,0,0,95
2013-10-07,MWH,15,9,77,24,125,196,72,268,393
2018-06-26,MWH,30,51,49,21,151,0,0,0,151
2013-10-06,MWH,0,0,7,3,10,2,0,2,12
2018-06-27,MWH,24,55,41,24,144,0,0,0,144
2013-10-05,MWH,29,3,9,0,41,20,0,20,61
2018-06-28,MWH,28,37,23,18,106,0,0,0,106
2013-10-04,MWH,31,6,41,15,93,0,34,34,127
2018-06-29,MWH,42,48,17,26,133,0,0,0,133
2013-10-03,MWH,26,11,89,12,138,310,6,316,454
2018-06-30,MWH,10,2,14,0,26,0,0,0,26
2013-10-02,MWH,29,6,105,44,184,251,77,328,512
2018-07-01,MWH,6,3,16,1,26,2,0,2,28
2013-10-01,MWH,49,6,106,27,188,285,38,323,511
2018-07-02,MWH,15,72,32,33,152,147,16,163,315
2013-09-30,MWH,4,8,50,11,73,126,10,136,209
2018-07-03,MWH,21,112,37,13,183,227,9,236,419
2018-07-04,MWH,0,0,28,9,37,20,0,20,57
2018-08-25,MWH,12,2,28,11,53,30,2,32,85
2013-08-07,MWH,48,7,73,40,168,150,51,201,369
2018-08-26,MWH,18,4,36,1,59,62,0,62,121
2018-10-18,MWH,33,101,45,18,197,326,64,390,587
2013-06-14,MWH,58,6,23,21,108,54,44,98,206
2018-10-19,MWH,17,7,51,15,90,18,10,28,118
2013-06-13,MWH,41,5,78,7,131,110,28,138,269
2018-10-20,MWH,22,5,22,0,49,10,0,10,59
2013-06-12,MWH,24,8,77,34,143,136,38,174,317
2018-10-21,MWH,4,1,26,5,36,8,10,18,54
2013-06-11,MWH,39,6,67,32,144,312,67,379,523
2018-10-22,MWH,12,116,39,16,183,352,31,383,566
2013-06-10,MWH,40,6,85,34,165,82,44,126,291
2018-10-23,MWH,18,104,30,56,208,368,42,410,618
2013-06-09,MWH,3,1,29,1,34,0,0,0,34
2018-10-24,MWH,45,95,32,34,206,548,19,567,773
2013-06-08,MWH,8,3,9,3,23,0,0,0,23
2018-10-25,MWH,47,78,13,16,154,421,10,431,585
2013-06-07,MWH,16,13,34,27,90,0,21,21,111
2018-10-26,MWH,16,22,22,11,71,10,2,12,83
2013-06-15,MWH,7,15,25,1,48,8,0,8,56
2013-06-06,MWH,47,9,94,3,153,65,6,71,224
2018-10-17,MWH,19,129,53,51,252,360,28,388,640
2018-10-16,MWH,9,112,18,47,186,405,45,450,636
2013-06-25,MWH,66,6,11,58,141,16,112,128,269
2018-10-08,MWH,14,81,15,0,110,324,0,324,434
2013-06-24,MWH,16,5,6,46,73,0,0,0,73
2018-10-09,MWH,12,81,10,6,109,218,0,218,327
2013-06-23,MWH,39,0,24,0,63,12,0,12,75
2018-10-10,MWH,7,104,28,14,153,322,22,344,497
2013-06-22,MWH,37,3,19,2,61,2,0,2,63
2018-10-11,MWH,29,112,35,13,189,335,14,349,538
2013-06-21,MWH,23,4,18,5,50,4,0,4,54
2018-10-12,MWH,6,13,42,15,76,10,34,44,120
2013-06-20,MWH,18,6,19,50,93,6,12,18,111
2018-10-13,MWH,4,0,9,0,13,0,0,0,13
2013-06-19,MWH,47,8,5,21,81,2,28,30,111
2018-10-14,MWH,8,2,25,0,35,0,0,0,35
2013-06-18,MWH,32,5,34,2,73,14,0,14,87
2018-10-15,MWH,4,107,31,12,154,353,34,387,541
2013-06-17,MWH,18,4,13,9,44,0,0,0,44
2013-06-16,MWH,0,1,19,21,41,20,12,32,73
2018-10-07,MWH,4,1,13,0,18,0,0,0,18
2018-10-27,MWH,30,1,30,0,61,18,0,18,79
2018-10-28,MWH,10,1,4,0,15,4,0,4,19
2018-11-08,MWH,57,98,40,34,229,466,34,500,729
2013-05-24,MWH,48,4,38,13,103,0,36,36,139
2018-11-09,MWH,72,7,36,58,173,40,66,106,279
2013-05-23,MWH,61,5,105,32,203,254,27,281,484
2018-11-10,MWH,39,3,33,0,75,38,0,38,113
2013-05-22,MWH,49,6,81,32,168,164,28,192,360
2018-11-11,MWH,2,1,10,0,13,0,0,0,13
2013-05-21,MWH,23,15,95,39,172,182,54,236,408
2018-11-12,MWH,39,5,34,0,78,58,0,58,136
2013-05-20,MWH,40,11,93,34,178,162,66,228,406
2018-11-13,MWH,42,6,13,32,93,0,0,0,93
2013-05-19,MWH,119,0,18,0,137,12,0,12,149
2018-11-14,MWH,6,16,8,19,49,0,0,0,49
2013-05-18,MWH,46,2,6,0,54,62,0,62,116
2018-11-15,MWH,64,47,20,49,180,509,83,592,772
2013-05-17,MWH,30,6,10,26,72,0,74,74,146
2018-11-16,MWH,65,10,22,19,116,30,38,68,184
2013-05-25,MWH,30,6,24,0,60,14,0,14,74
2013-06-05,MWH,54,10,82,18,164,230,32,262,426
2018-11-07,MWH,65,59,47,27,198,366,90,456,654
2018-11-06,MWH,22,107,31,42,202,453,28,481,683
2013-06-04,MWH,46,5,94,8,153,102,16,118,271
2018-10-29,MWH,26,88,44,17,175,419,71,490,665
2013-06-03,MWH,27,8,88,30,153,90,90,180,333
2018-10-30,MWH,8,126,34,80,248,431,104,535,783
2013-06-02,MWH,4,1,9,21,35,14,64,78,113
2018-10-31,MWH,24,90,11,25,150,593,46,639,789
2013-06-01,MWH,0,2,8,24,34,14,96,110,144
2018-11-01,MWH,31,84,17,10,142,484,18,502,644
2013-05-31,MWH,121,4,115,33,273,28,74,102,375
2018-11-02,MWH,43,22,15,24,104,10,2,12,116
2013-05-30,MWH,53,8,108,21,190,122,26,148,338
2018-11-03,MWH,59,7,17,0,83,6,0,6,89
2013-05-29,MWH,27,3,99,22,151,342,68,410,561
2018-11-04,MWH,8,0,20,0,28,0,0,0,28
2013-05-28,MWH,12,8,84,27,131,294,54,348,479
2018-11-05,MWH,42,82,39,11,174,336,10,346,520
2013-05-27,MWH,0,0,36,0,36,0,0,0,36
2013-05-26,MWH,10,5,4,0,19,0,0,0,19
2013-10-29,MWH,38,6,109,6,159,394,18,412,571
2013-06-26,MWH,4,4,22,3,33,64,0,64,97
2013-06-27,MWH,16,6,27,26,75,20,38,58,133
2018-09-06,MWH,5,14,38,16,73,10,14,24,97
2013-07-26,MWH,22,5,109,21,157,294,20,314,471
2018-09-07,MWH,17,25,25,14,81,6,16,22,103
2013-07-25,MWH,39,5,102,31,177,162,28,190,367
2018-09-08,MWH,56,6,30,9,101,50,0,50,151
2013-07-24,MWH,16,4,100,24,144,208,44,252,396
2018-09-09,MWH,53,1,43,2,99,8,0,8,107
2013-07-23,MWH,29,5,110,45,189,268,44,312,501
2018-09-10,MWH,44,19,26,7,96,10,12,22,118
2013-07-22,MWH,39,5,90,58,192,157,80,237,429
2018-09-11,MWH,19,19,19,47,104,6,88,94,198
2013-07-21,MWH,6,1,25,0,32,18,0,18,50
2018-09-12,MWH,17,10,54,28,109,34,69,103,212
2013-07-20,MWH,6,4,12,0,22,12,0,12,34
2018-09-13,MWH,9,8,29,24,70,0,16,16,86
2013-07-19,MWH,27,11,111,25,174,204,44,248,422
2018-09-14,MWH,33,13,40,23,109,40,50,90,199
2013-07-27,MWH,9,27,40,25,101,12,6,18,119
2013-07-18,MWH,14,6,114,27,161,125,64,189,350
2018-09-05,MWH,23,6,31,37,97,12,76,88,185
2018-09-04,MWH,22,16,27,17,82,16,47,63,145
2013-08-06,MWH,38,6,74,26,144,96,24,120,264
2018-08-27,MWH,33,8,42,6,89,20,6,26,115
2013-08-05,MWH,41,6,74,71,192,112,124,236,428
2018-08-28,MWH,37,15,33,18,103,18,28,46,149
2013-08-04,MWH,16,2,6,2,26,8,0,8,34
2018-08-29,MWH,39,18,36,43,136,38,28,66,202
2013-08-03,MWH,19,2,21,1,43,64,0,64,107
2018-08-30,MWH,37,26,54,33,150,17,18,35,185
2013-08-02,MWH,43,11,68,25,147,96,50,146,293
2018-08-31,MWH,16,29,52,6,103,6,6,12,115
2013-08-01,MWH,22,6,75,45,148,196,20,216,364
2018-09-01,MWH,22,23,23,0,68,14,0,14,82
2013-07-31,MWH,48,6,117,24,195,118,13,131,326
2018-09-02,MWH,9,0,23,0,32,6,0,6,38
2013-07-30,MWH,24,7,124,28,183,276,69,345,528
2018-09-03,MWH,37,27,19,2,85,30,0,30,115
2013-07-29,MWH,69,5,91,53,218,154,34,188,406
2013-07-28,MWH,12,2,13,4,31,12,0,12,43
2018-10-06,MWH,6,3,12,0,21,2,0,2,23
2018-09-15,MWH,0,1,34,0,35,6,0,6,41
2018-09-16,MWH,4,1,18,2,25,12,0,12,37
2018-09-27,MWH,19,115,33,14,181,262,22,284,465
2013-07-05,MWH,90,7,78,0,175,174,0,174,349
2018-09-28,MWH,6,33,50,13,102,14,0,14,116
2013-07-04,MWH,0,2,5,0,7,0,0,0,7
2018-09-29,MWH,12,1,3,0,16,0,0,0,16
2013-07-03,MWH,36,16,96,20,168,152,33,185,353
2018-09-30,MWH,11,1,26,0,38,8,0,8,46
2013-07-02,MWH,30,6,92,20,148,182,8,190,338
2018-10-01,MWH,12,98,33,13,156,278,58,336,492
2013-07-01,MWH,14,10,73,22,119,154,12,166,285
2018-10-02,MWH,12,89,35,15,151,205,0,205,356
2013-06-30,MWH,13,2,38,0,53,6,0,6,59
2018-10-03,MWH,5,153,25,24,207,333,20,353,560
2013-06-29,MWH,11,5,10,0,26,4,0,4,30
2018-10-04,MWH,13,145,38,21,217,283,12,295,512
2013-06-28,MWH,43,7,35,11,96,12,12,24,120
2018-10-05,MWH,6,22,31,23,82,44,10,54,136
2013-07-06,MWH,3,4,11,0,18,2,0,2,20
2013-07-17,MWH,24,6,105,32,167,168,24,192,359
2018-09-26,MWH,16,120,28,11,175,338,33,371,546
2018-09-25,MWH,30,111,20,7,168,270,12,282,450
2013-07-16,MWH,88,4,90,47,229,217,66,283,512
2018-09-17,MWH,36,5,21,28,90,0,86,86,176
2013-07-15,MWH,13,4,82,47,146,290,64,354,500
2018-09-18,MWH,30,39,44,17,130,90,8,98,228
2013-07-14,MWH,17,0,20,3,40,12,0,12,52
2018-09-19,MWH,21,62,27,15,125,68,50,118,243
2013-07-13,MWH,11,3,22,0,36,2,0,2,38
2018-09-20,MWH,31,70,39,24,164,118,33,151,315
2013-07-12,MWH,27,12,89,10,138,203,34,237,375
2018-09-21,MWH,28,6,9,18,61,44,18,62,123
2013-07-11,MWH,80,4,88,18,190,116,12,128,318
2018-09-22,MWH,12,1,16,0,29,0,0,0,29
2013-07-10,MWH,35,6,92,19,152,344,46,390,542
2018-09-23,MWH,4,2,10,0,16,4,0,4,20
2013-07-09,MWH,6,5,74,52,137,72,50,122,259
2018-09-24,MWH,48,94,26,20,188,224,41,265,453
2013-07-08,MWH,45,6,88,63,202,355,102,457,659
2013-07-07,MWH,12,0,30,0,42,20,0,20,62
2018-06-03,MWH,10,1,38,0,49,8,0,8,57
2013-10-30,MWH,15,6,74,16,111,274,32,306,417
2018-06-02,MWH,4,2,12,6,24,7,17,24,48
2014-02-21,MWH,15,4,26,32,77,8,54,62,139
2018-02-09,MWH,11,4,30,9,54,0,0,0,54
2014-02-20,MWH,23,4,42,25,94,98,16,114,208
2018-02-10,MWH,7,0,7,0,14,0,0,0,14
2014-02-19,MWH,19,6,55,21,101,200,4,204,305
2018-02-11,MWH,4,0,36,1,41,0,0,0,41
2014-02-18,MWH,17,4,82,65,168,250,158,408,576
2018-02-12,MWH,26,4,45,31,106,26,0,26,132
2014-02-17,MWH,21,4,72,2,99,100,10,110,209
2018-02-13,MWH,4,4,115,43,166,202,22,224,390
2014-02-16,MWH,7,1,11,0,19,0,0,0,19
2018-02-14,MWH,4,8,35,21,68,46,18,64,132
2014-02-15,MWH,4,2,15,0,21,4,0,4,25
2018-02-15,MWH,7,9,95,9,120,234,22,256,376
2014-02-14,MWH,33,8,11,16,68,0,32,32,100
2018-02-16,MWH,25,6,23,7,61,0,20,20,81
2014-02-13,MWH,7,4,33,20,64,112,24,136,200
2018-02-08,MWH,20,7,73,27,127,156,9,165,292
2018-02-17,MWH,2,6,4,0,12,2,0,2,14
2014-02-22,MWH,6,3,13,0,22,2,0,2,24
2014-02-23,MWH,11,4,2,1,18,0,10,10,28
2018-01-29,MWH,8,6,3,6,23,0,0,0,23
2014-03-03,MWH,5,4,38,27,74,102,0,102,176
2018-01-30,MWH,12,4,43,17,76,0,0,0,76
2014-03-02,MWH,4,0,0,0,4,0,0,0,4
2018-01-31,MWH,33,4,115,35,187,271,40,311,498
2014-03-01,MWH,13,6,0,0,19,0,0,0,19
2018-02-01,MWH,19,5,117,37,178,216,12,228,406
2014-02-28,MWH,23,6,19,34,82,6,54,60,142
2018-02-02,MWH,12,10,0,0,22,0,0,0,22
2014-02-27,MWH,14,4,87,66,171,173,67,240,411
2018-02-03,MWH,4,0,24,23,51,15,46,61,112
2014-02-26,MWH,19,5,124,72,220,329,58,387,607
2018-02-04,MWH,0,2,4,11,17,44,24,68,85
2014-02-25,MWH,19,8,110,24,161,158,42,200,361
2018-02-05,MWH,9,4,92,17,122,260,0,260,382
2014-02-24,MWH,21,4,36,75,136,144,26,170,306
2018-02-06,MWH,10,5,117,13,145,203,12,215,360
2018-02-07,MWH,4,5,112,4,125,381,0,381,506
2014-03-04,MWH,9,3,66,21,99,136,16,152,251
2014-02-12,MWH,19,6,92,28,145,130,76,206,351
2014-02-11,MWH,19,4,42,6,71,140,0,140,211
2014-01-31,MWH,14,15,30,28,87,16,46,62,149
2018-03-02,MWH,4,24,19,2,49,41,0,41,90
2014-01-30,MWH,22,8,8,9,47,26,0,26,73
2018-03-03,MWH,0,2,29,0,31,32,0,32,63
2014-01-29,MWH,16,9,10,17,52,0,0,0,52
2018-03-04,MWH,10,12,8,14,44,0,0,0,44
2014-01-28,MWH,0,4,13,19,36,32,0,32,68
2018-03-05,MWH,33,20,105,32,190,169,42,211,401
2014-01-27,MWH,9,23,50,25,107,240,18,258,365
2018-03-06,MWH,24,5,105,31,165,190,24,214,379
2014-01-26,MWH,8,0,4,0,12,16,28,44,56
2018-03-07,MWH,31,5,96,22,154,206,28,234,388
2014-01-25,MWH,8,4,0,0,12,0,0,0,12
2018-03-08,MWH,12,4,44,29,89,88,32,120,209
2014-01-24,MWH,31,6,2,3,42,0,0,0,42
2018-03-09,MWH,40,7,20,12,79,5,18,23,102
2014-01-23,MWH,19,4,4,31,58,22,0,22,80
2018-03-01,MWH,8,21,34,19,82,60,4,64,146
2018-02-18,MWH,0,0,0,2,2,0,0,0,2
2014-02-01,MWH,24,4,26,0,54,60,0,60,114
2014-02-02,MWH,7,0,6,0,13,0,0,0,13
2018-02-19,MWH,32,4,25,0,61,8,0,8,69
2014-02-10,MWH,37,4,2,15,58,0,0,0,58
2018-02-20,MWH,28,4,72,11,115,252,40,292,407
2014-02-09,MWH,32,0,0,8,40,36,0,36,76
2018-02-21,MWH,24,5,94,9,132,303,18,321,453
2014-02-08,MWH,0,4,8,3,15,10,12,22,37
2018-02-22,MWH,26,7,95,31,159,242,12,254,413
2014-02-07,MWH,18,6,16,9,49,26,20,46,95
2018-02-23,MWH,31,8,23,3,65,18,0,18,83
2014-02-06,MWH,22,4,119,31,176,144,20,164,340
2018-02-24,MWH,0,12,24,0,36,14,0,14,50
2014-02-05,MWH,88,7,85,33,213,132,36,168,381
2018-02-25,MWH,8,1,8,0,17,0,0,0,17
2014-02-04,MWH,63,7,87,15,172,310,18,328,500
2018-02-26,MWH,31,6,136,24,197,340,55,395,592
2014-02-03,MWH,49,6,104,58,217,156,44,200,417
2018-02-27,MWH,8,6,79,22,115,166,58,224,339
2018-02-28,MWH,59,8,113,12,192,281,18,299,491
2018-03-10,MWH,2,0,22,0,24,22,0,22,46
2018-01-28,MWH,13,0,57,14,84,126,16,142,226
2018-01-27,MWH,32,7,27,0,66,18,0,18,84
2014-04-04,MWH,29,8,13,24,74,32,50,82,156
2017-12-29,MWH,0,0,0,0,0,0,0,0,0
2014-04-03,MWH,20,6,86,1,113,111,0,111,224
2017-12-30,MWH,19,0,3,0,22,0,0,0,22
2014-04-02,MWH,12,19,78,34,143,196,101,297,440
2017-12-31,MWH,0,1,11,0,12,0,0,0,12
2014-04-01,MWH,21,6,94,15,136,209,4,213,349
2018-01-01,MWH,0,0,0,0,0,0,0,0,0
2014-03-31,MWH,6,6,93,24,129,159,38,197,326
2018-01-02,MWH,0,10,36,16,62,222,20,242,304
2014-03-30,MWH,0,5,8,0,13,2,6,8,21
2018-01-03,MWH,36,4,69,23,132,206,36,242,374
2014-03-29,MWH,12,4,9,0,25,0,6,6,31
2018-01-04,MWH,14,7,70,10,101,242,6,248,349
2014-03-28,MWH,14,9,0,8,31,0,1,1,32
2018-01-05,MWH,2,5,6,4,17,0,0,0,17
2014-03-27,MWH,13,23,21,12,69,0,22,22,91
2017-12-28,MWH,10,4,0,0,14,0,0,0,14
2018-01-06,MWH,2,3,1,0,6,0,0,0,6
2014-04-05,MWH,0,4,32,0,36,1,0,1,37
2014-04-06,MWH,0,0,29,0,29,6,0,6,35
2017-12-18,MWH,100,4,19,45,168,0,105,105,273
2014-04-14,MWH,95,4,126,47,272,248,64,312,584
2017-12-19,MWH,8,4,3,4,19,0,0,0,19
2014-04-13,MWH,15,0,19,3,37,13,0,13,50
2017-12-20,MWH,55,8,27,34,124,8,5,13,137
2014-04-12,MWH,53,2,16,5,76,5,6,11,87
2017-12-21,MWH,16,2,17,46,81,6,43,49,130
2014-04-11,MWH,41,4,41,40,126,16,54,70,196
2017-12-22,MWH,15,5,1,1,22,0,0,0,22
2014-04-10,MWH,31,4,137,37,209,225,46,271,480
2017-12-23,MWH,25,7,13,0,45,16,0,16,61
2014-04-09,MWH,38,4,124,24,190,293,52,345,535
2017-12-24,MWH,0,2,2,0,4,8,0,8,12
2014-04-08,MWH,20,4,120,65,209,164,104,268,477
2017-12-25,MWH,0,3,0,0,3,0,0,0,3
2014-04-07,MWH,0,4,147,32,183,300,64,364,547
2017-12-26,MWH,6,9,0,0,15,0,0,0,15
2017-12-27,MWH,2,7,5,11,25,10,0,10,35
2014-03-05,MWH,21,4,91,77,193,287,194,481,674
2014-03-26,MWH,26,8,22,27,83,21,104,125,208
2014-03-25,MWH,12,8,14,5,39,0,8,8,47
2014-03-14,MWH,21,4,13,5,43,18,4,22,65
2018-01-19,MWH,10,5,13,40,68,0,64,64,132
2014-03-13,MWH,42,9,141,19,211,178,22,200,411
2018-01-20,MWH,24,1,21,0,46,20,0,20,66
2014-03-12,MWH,37,7,125,35,204,283,32,315,519
2018-01-21,MWH,10,0,6,2,18,8,10,18,36
2014-03-11,MWH,40,17,140,28,225,340,28,368,593
2018-01-22,MWH,18,6,102,12,138,268,13,281,419
2014-03-10,MWH,33,4,76,63,176,230,58,288,464
2018-01-23,MWH,13,7,72,15,107,154,16,170,277
2014-03-09,MWH,0,0,18,10,28,34,8,42,70
2018-01-24,MWH,22,10,17,21,70,28,0,28,98
2014-03-08,MWH,5,2,41,20,68,14,24,38,106
2018-01-25,MWH,9,7,78,35,129,148,8,156,285
2014-03-07,MWH,21,10,50,58,139,40,139,179,318
2018-01-26,MWH,37,14,32,15,98,17,0,17,115
2014-03-06,MWH,21,6,88,43,158,110,62,172,330
2018-01-18,MWH,42,16,118,43,219,318,51,369,588
2018-01-07,MWH,8,0,1,0,9,0,0,0,9
2014-03-15,MWH,28,2,34,5,69,57,18,75,144
2014-03-16,MWH,2,0,11,0,13,8,0,8,21
2018-01-08,MWH,6,9,18,20,53,0,0,0,53
2014-03-24,MWH,49,6,30,4,89,34,0,34,123
2018-01-09,MWH,3,7,4,1,15,0,0,0,15
2014-03-23,MWH,16,0,18,7,41,12,0,12,53
2018-01-10,MWH,12,12,113,55,192,183,58,241,433
2014-03-22,MWH,52,3,11,3,69,22,0,22,91
2018-01-11,MWH,10,12,0,3,25,0,0,0,25
2014-03-21,MWH,58,6,32,0,96,60,0,60,156
2018-01-12,MWH,35,11,11,25,82,22,26,48,130
2014-03-20,MWH,65,14,68,28,175,94,32,126,301
2018-01-13,MWH,8,0,5,0,13,0,0,0,13
2014-03-19,MWH,38,5,54,30,127,99,30,129,256
2018-01-14,MWH,13,2,21,0,36,48,0,48,84
2014-03-18,MWH,41,16,125,17,199,145,15,160,359
2018-01-15,MWH,21,4,8,1,34,30,0,30,64
2014-03-17,MWH,21,5,18,30,74,54,24,78,152
2018-01-16,MWH,25,8,17,33,83,0,0,0,83
2018-01-17,MWH,47,8,92,58,205,360,40,400,605
2013-05-16,MWH,20,18,142,13,193,136,24,160,353
2014-01-22,MWH,29,6,39,51,125,106,91,197,322
2014-01-21,MWH,21,10,7,2,40,20,0,20,60
2013-11-29,MWH,0,2,1,0,3,0,0,0,3
2018-05-04,MWH,18,13,22,27,80,33,32,65,145
2013-11-28,MWH,0,0,1,0,1,0,0,0,1
2018-05-05,MWH,2,2,26,0,30,16,0,16,46
2013-11-27,MWH,73,2,13,21,109,40,21,61,170
2018-05-06,MWH,10,0,6,0,16,0,0,0,16
2013-11-26,MWH,70,12,8,37,127,0,134,134,261
2018-05-07,MWH,4,110,20,27,161,110,46,156,317
2013-11-25,MWH,36,5,16,60,117,0,102,102,219
2018-05-08,MWH,19,117,42,8,186,168,0,168,354
2013-11-24,MWH,10,0,9,0,19,0,0,0,19
2018-05-09,MWH,18,79,40,22,159,200,11,211,370
2013-11-23,MWH,29,2,25,2,58,28,0,28,86
2018-05-10,MWH,10,62,20,26,118,105,16,121,239
2013-11-22,MWH,62,6,18,30,116,139,28,167,283
2018-05-11,MWH,18,10,22,38,88,6,28,34,122
2013-11-21,MWH,46,6,105,70,227,334,36,370,597
2018-05-03,MWH,12,274,31,16,333,61,34,95,428
2018-05-12,MWH,10,2,27,2,41,13,12,25,66
2013-11-30,MWH,0,0,2,0,2,0,0,0,2
2013-12-01,MWH,4,1,11,1,17,0,0,0,17
2018-04-23,MWH,27,57,88,14,186,156,59,215,401
2013-12-09,MWH,7,2,67,47,123,150,86,236,359
2018-04-24,MWH,9,62,71,28,170,171,35,206,376
2013-12-08,MWH,18,0,10,3,31,0,0,0,31
2018-04-25,MWH,42,78,74,24,218,222,50,272,490
2013-12-07,MWH,2,2,3,10,17,6,14,20,37
2018-04-26,MWH,31,100,61,18,210,250,16,266,476
2013-12-06,MWH,15,4,12,22,53,30,62,92,145
2018-04-27,MWH,33,5,46,9,93,6,24,30,123
2013-12-05,MWH,10,4,83,13,110,214,55,269,379
2018-04-28,MWH,0,2,19,0,21,0,0,0,21
2013-12-04,MWH,80,2,113,37,232,362,50,412,644
2018-04-29,MWH,12,0,18,0,30,0,0,0,30
2013-12-03,MWH,21,2,71,28,122,290,8,298,420
2018-04-30,MWH,25,93,34,22,174,275,29,304,478
2013-12-02,MWH,16,3,91,73,183,346,130,476,659
2018-05-01,MWH,15,261,23,29,328,7,37,44,372
2018-05-02,MWH,6,321,59,18,404,10,14,24,428
2013-12-10,MWH,94,2,98,29,223,154,90,244,467
2013-11-20,MWH,25,8,101,41,175,180,52,232,407
2013-11-19,MWH,23,7,90,25,145,254,0,254,399
2013-11-08,MWH,8,4,17,24,53,2,30,32,85
2018-05-25,MWH,12,6,41,0,59,24,0,24,83
2013-11-07,MWH,25,8,28,6,67,0,0,0,67
2018-05-26,MWH,10,1,10,2,23,6,0,6,29
2013-11-06,MWH,18,10,64,40,132,250,46,296,428
2018-05-27,MWH,10,1,10,0,21,12,0,12,33
2013-11-05,MWH,24,4,2,30,60,0,0,0,60
2018-05-28,MWH,0,0,21,0,21,24,0,24,45
2013-11-04,MWH,31,7,89,33,160,392,52,444,604
2018-05-29,MWH,43,90,23,16,172,140,12,152,324
2013-11-03,MWH,12,0,9,5,26,0,10,10,36
2018-05-30,MWH,17,88,58,33,196,262,18,280,476
2013-11-02,MWH,7,2,0,0,9,0,0,0,9
2018-05-31,MWH,12,77,46,36,171,114,81,195,366
2013-11-01,MWH,18,5,18,58,99,12,120,132,231
2018-06-01,MWH,12,11,35,49,107,16,99,115,222
2013-10-31,MWH,2,8,86,59,155,394,134,528,683
2018-05-24,MWH,14,92,39,22,167,158,17,175,342
2018-05-13,MWH,8,0,27,0,35,36,0,36,71
2013-11-09,MWH,10,4,21,0,35,2,0,2,37
2013-11-10,MWH,11,0,7,0,18,0,0,0,18
2018-05-14,MWH,18,94,33,41,186,258,89,347,533
2013-11-18,MWH,15,5,114,27,161,382,48,430,591
2018-05-15,MWH,4,82,38,12,136,235,37,272,408
2013-11-17,MWH,38,0,2,0,40,6,0,6,46
2018-05-16,MWH,28,87,26,8,149,124,26,150,299
2013-11-16,MWH,7,6,8,1,22,0,0,0,22
2018-05-17,MWH,12,98,30,22,162,198,16,214,376
2013-11-15,MWH,14,4,13,30,61,32,32,64,125
2018-05-18,MWH,14,9,53,6,82,0,0,0,82
2013-11-14,MWH,19,9,64,57,149,122,20,142,291
2018-05-19,MWH,12,0,31,0,43,0,0,0,43
2013-11-13,MWH,9,14,17,20,60,135,54,189,249
2018-05-20,MWH,12,0,25,0,37,20,0,20,57
2013-11-12,MWH,16,5,33,40,94,120,10,130,224
2018-05-21,MWH,27,72,27,25,151,254,12,266,417
2013-11-11,MWH,15,5,20,1,41,74,0,74,115
2018-05-22,MWH,30,83,41,11,165,135,25,160,325
2018-05-23,MWH,16,85,48,11,160,161,39,200,360
2018-03-11,MWH,4,0,18,0,22,20,6,26,48
2018-04-22,MWH,10,0,22,7,39,12,3,15,54
2018-04-21,MWH,18,2,5,7,32,0,0,0,32
2014-01-10,MWH,29,6,8,53,96,0,72,72,168
2018-03-23,MWH,24,5,14,19,62,0,26,26,88
2014-01-09,MWH,19,6,50,22,97,250,18,268,365
2018-03-24,MWH,13,0,11,2,26,0,0,0,26
2014-01-08,MWH,15,4,0,4,23,0,0,0,23
2018-03-25,MWH,18,0,29,0,47,12,0,12,59
2014-01-07,MWH,0,4,40,59,103,196,122,318,421
2018-03-26,MWH,14,4,19,17,54,2,22,24,78
2014-01-06,MWH,12,5,75,44,136,242,87,329,465
2018-03-27,MWH,42,7,26,28,103,19,88,107,210
2014-01-05,MWH,16,0,23,0,39,12,0,12,51
2018-03-28,MWH,31,4,50,19,104,0,20,20,124
2014-01-04,MWH,4,2,8,0,14,0,0,0,14
2018-03-29,MWH,51,6,38,6,101,21,9,30,131
2014-01-03,MWH,8,9,9,41,67,16,22,38,105
2018-03-30,MWH,17,8,36,18,79,12,10,22,101
2014-01-02,MWH,0,2,0,0,2,0,0,0,2
2018-03-22,MWH,25,8,5,33,71,0,64,64,135
2018-03-31,MWH,0,2,36,0,38,6,0,6,44
2014-01-11,MWH,8,0,0,0,8,0,0,0,8
2014-01-12,MWH,0,0,2,0,2,0,0,0,2
2018-03-12,MWH,29,7,121,12,169,125,2,127,296
2014-01-20,MWH,26,4,5,0,35,0,0,0,35
2018-03-13,MWH,27,5,79,35,146,192,66,258,404
2014-01-19,MWH,9,0,5,0,14,0,0,0,14
2018-03-14,MWH,26,21,96,47,190,173,71,244,434
2014-01-18,MWH,19,1,2,0,22,0,0,0,22
2018-03-15,MWH,36,5,97,52,190,157,57,214,404
2014-01-17,MWH,4,4,8,20,36,0,6,6,42
2018-03-16,MWH,41,9,15,27,92,0,24,24,116
2014-01-16,MWH,25,8,122,41,196,208,88,296,492
2018-03-17,MWH,16,0,20,0,36,38,0,38,74
2014-01-15,MWH,41,6,119,104,270,210,48,258,528
2018-03-18,MWH,12,0,23,0,35,36,0,36,71
2014-01-14,MWH,16,4,123,127,270,218,132,350,620
2018-03-19,MWH,38,4,78,33,153,151,44,195,348
2014-01-13,MWH,21,5,48,27,101,224,23,247,348
2018-03-20,MWH,40,5,71,12,128,120,30,150,278
2018-03-21,MWH,28,7,40,39,114,82,80,162,276
2013-12-11,MWH,66,6,57,32,161,176,92,268,429
2014-01-01,MWH,0,0,0,0,0,0,0,0,0
2013-12-31,MWH,0,8,0,0,8,28,0,28,36
2013-12-20,MWH,0,6,2,2,10,0,0,0,10
2018-04-13,MWH,12,7,47,19,85,56,44,100,185
2013-12-19,MWH,5,4,26,7,42,8,0,8,50
2018-04-14,MWH,4,1,27,0,32,24,0,24,56
2013-12-18,MWH,2,2,4,14,22,0,22,22,44
2018-04-15,MWH,2,2,3,2,9,0,0,0,9
2013-12-17,MWH,7,4,14,24,49,0,38,38,87
2018-04-16,MWH,18,8,41,27,94,76,33,109,203
2013-12-16,MWH,39,2,19,29,89,20,32,52,141
2018-04-17,MWH,10,9,66,23,108,55,21,76,184
2013-12-15,MWH,3,2,9,0,14,0,0,0,14
2018-04-18,MWH,16,15,148,36,215,243,74,317,532
2013-12-14,MWH,12,2,2,0,16,0,0,0,16
2018-04-19,MWH,34,6,159,18,217,134,13,147,364
2013-12-13,MWH,33,5,10,18,66,117,56,173,239
2018-04-20,MWH,12,7,38,5,62,50,0,50,112
2013-12-12,MWH,30,4,45,28,107,134,64,198,305
2018-04-12,MWH,12,9,68,17,106,62,61,123,229
2018-04-01,MWH,0,2,3,0,5,0,0,0,5
2013-12-21,MWH,15,2,4,6,27,0,14,14,41
2013-12-22,MWH,4,0,1,0,5,0,0,0,5
2018-04-02,MWH,10,5,76,17,108,98,8,106,214
2013-12-30,MWH,0,2,2,13,17,0,0,0,17
2018-04-03,MWH,3,4,103,19,129,313,16,329,458
2013-12-29,MWH,5,0,1,0,6,0,0,0,6
2018-04-04,MWH,25,5,93,33,156,214,36,250,406
2013-12-28,MWH,7,2,3,0,12,0,0,0,12
2018-04-05,MWH,16,9,12,28,65,0,0,0,65
2013-12-27,MWH,0,4,9,11,24,6,0,6,30
2018-04-06,MWH,12,6,20,6,44,8,6,14,58
2013-12-26,MWH,0,2,5,7,14,24,22,46,60
2018-04-07,MWH,0,4,2,0,6,0,0,0,6
2013-12-25,MWH,0,0,2,0,2,0,0,0,2
2018-04-08,MWH,3,3,27,0,33,2,0,2,35
2013-12-24,MWH,0,6,5,0,11,8,0,8,19
2018-04-09,MWH,23,5,149,13,190,244,0,244,434
2013-12-23,MWH,6,2,0,0,8,0,0,0,8
2018-04-10,MWH,34,5,117,26,182,236,31,267,449
2018-04-11,MWH,0,4,111,43,158,149,78,227,385
2014-04-15,MWH,43,8,57,29,137,148,32,180,317
2018-11-17,MWH,53,0,52,2,107,18,4,22,129
2018-11-18,MWH,16,3,17,0,36,4,0,4,40
2012-10-05,MWH,114,4,17,11,146,4,6,10,156
2019-06-28,MWH,16,126,26,11,179,411,14,425,604
2012-10-04,MWH,73,4,120,2,199,186,0,186,385
2019-06-29,MWH,2,2,14,0,18,14,0,14,32
2012-10-03,MWH,16,9,80,13,118,174,4,178,296
2019-06-30,MWH,0,1,20,0,21,4,0,4,25
2012-10-02,MWH,48,16,74,31,169,148,32,180,349
2019-06-27,MWH,12,84,32,24,152,413,4,417,569
2019-07-01,MWH,27,126,37,37,227,230,92,322,549
2019-07-02,MWH,20,114,27,53,214,186,44,230,444
2012-09-30,MWH,0,4,16,2,22,0,0,0,22
2019-07-03,MWH,1,160,32,19,212,404,32,436,648
2012-09-29,MWH,18,2,5,0,25,0,0,0,25
2019-07-04,MWH,9,0,7,0,16,0,0,0,16
2012-09-28,MWH,43,15,27,17,102,0,0,0,102
2019-07-05,MWH,15,131,53,2,201,199,0,199,400
2012-10-01,MWH,22,8,60,12,102,75,1,76,178
2012-10-06,MWH,0,2,8,0,10,0,0,0,10
2019-06-26,MWH,3,141,36,21,201,336,46,382,583
2012-10-07,MWH,5,8,8,0,21,0,0,0,21
2019-06-17,MWH,20,4,21,16,61,0,24,24,85
2012-10-15,MWH,18,4,66,37,125,148,30,178,303
2019-06-18,MWH,24,12,37,28,101,8,8,16,117
2012-10-14,MWH,0,0,5,0,5,0,0,0,5
2019-06-19,MWH,45,5,13,24,87,2,16,18,105
2012-10-13,MWH,13,2,3,6,24,0,0,0,24
2019-06-20,MWH,20,10,33,9,72,18,2,20,92
2012-10-12,MWH,42,6,12,17,77,0,0,0,77
2019-06-21,MWH,51,3,45,22,121,8,27,35,156
2012-10-11,MWH,29,5,89,17,140,170,19,189,329
2019-06-22,MWH,4,0,34,10,48,26,33,59,107
2012-10-10,MWH,65,15,253,46,379,307,144,451,830
2019-06-23,MWH,4,4,16,5,29,14,6,20,49
2012-10-09,MWH,41,6,74,13,134,156,32,188,322
2019-06-24,MWH,27,146,39,26,238,397,29,426,664
2012-10-08,MWH,16,5,59,1,81,162,0,162,243
2019-06-25,MWH,18,167,28,14,227,320,14,334,561
2012-09-27,MWH,32,8,78,8,126,190,0,190,316
2019-07-06,MWH,3,1,15,0,19,0,0,0,19
2012-09-26,MWH,50,17,87,9,163,216,0,216,379
2019-07-07,MWH,0,0,23,0,23,0,0,0,23
2019-07-18,MWH,40,92,26,33,191,78,30,108,299
2012-09-14,MWH,31,26,26,11,94,0,0,0,94
2019-07-19,MWH,4,144,43,4,195,284,4,288,483
2012-09-13,MWH,14,18,23,13,68,0,0,0,68
2019-07-20,MWH,4,35,23,0,62,26,0,26,88
2012-09-12,MWH,36,10,16,7,69,0,0,0,69
2019-07-21,MWH,2,0,31,0,33,30,0,30,63
2012-09-11,MWH,5,31,6,7,49,0,0,0,49
2019-07-22,MWH,23,98,26,21,168,258,24,282,450
2012-09-10,MWH,31,14,5,3,53,0,0,0,53
2019-07-23,MWH,4,128,27,21,180,264,13,277,457
2012-09-09,MWH,0,2,3,25,30,0,0,0,30
2019-07-24,MWH,64,109,55,31,259,216,32,248,507
2012-09-08,MWH,13,0,7,12,32,0,0,0,32
2019-07-25,MWH,67,149,45,28,289,246,19,265,554
2012-09-07,MWH,18,6,20,2,46,0,0,0,46
2019-07-26,MWH,31,131,43,23,228,254,12,266,494
2012-09-15,MWH,8,36,40,0,84,0,0,0,84
2012-10-16,MWH,20,6,4,16,46,0,0,0,46
2019-07-17,MWH,11,102,32,9,154,366,14,380,534
2019-07-16,MWH,13,123,34,13,183,277,20,297,480
2012-09-25,MWH,78,33,65,5,181,101,2,103,284
2019-07-08,MWH,3,154,31,9,197,437,12,449,646
2012-09-24,MWH,81,45,57,18,201,109,4,113,314
2019-07-09,MWH,5,175,48,24,252,406,12,418,670
2012-09-23,MWH,17,0,13,0,30,0,0,0,30
2019-07-10,MWH,24,176,54,34,288,474,7,481,769
2012-09-22,MWH,13,3,14,4,34,0,0,0,34
2019-07-11,MWH,19,129,71,18,237,360,50,410,647
2012-09-21,MWH,17,7,14,13,51,0,19,19,70
2019-07-12,MWH,12,138,29,12,191,326,52,378,569
2012-09-20,MWH,11,16,39,25,91,12,2,14,105
2019-07-13,MWH,3,2,34,2,41,6,35,41,82
2012-09-19,MWH,26,32,52,31,141,0,0,0,141
2019-07-14,MWH,0,24,35,0,59,67,0,67,126
2012-09-18,MWH,22,6,32,7,67,34,2,36,103
2019-07-15,MWH,7,119,35,8,169,378,37,415,584
2012-09-17,MWH,27,24,17,36,104,0,18,18,122
2012-09-16,MWH,21,24,13,4,62,0,0,0,62
2019-06-16,MWH,4,0,39,2,45,23,0,23,68
2012-10-17,MWH,18,6,109,27,160,193,62,255,415
2019-06-15,MWH,4,2,39,3,48,8,0,8,56
2012-11-16,MWH,61,9,13,15,98,2,14,16,114
2019-05-17,MWH,24,4,20,12,60,5,16,21,81
2012-11-15,MWH,30,8,39,46,123,89,18,107,230
2019-05-18,MWH,4,2,35,0,41,48,0,48,89
2012-11-14,MWH,17,4,12,26,59,0,10,10,69
2019-05-19,MWH,10,0,5,2,17,1,0,1,18
2012-11-13,MWH,4,6,37,29,76,4,24,28,104
2019-05-20,MWH,12,96,35,18,161,224,6,230,391
2012-11-12,MWH,32,7,18,2,59,0,0,0,59
2019-05-21,MWH,31,110,28,24,193,286,42,328,521
2012-11-11,MWH,0,0,3,0,3,0,0,0,3
2019-05-22,MWH,8,72,13,27,120,141,24,165,285
2012-11-10,MWH,6,2,0,0,8,0,0,0,8
2019-05-23,MWH,12,82,25,38,157,136,54,190,347
2012-11-09,MWH,14,4,1,14,33,0,22,22,55
2019-05-24,MWH,26,6,10,1,43,28,0,28,71
2012-11-08,MWH,31,6,112,32,181,220,10,230,411
2019-05-16,MWH,18,85,28,70,201,393,98,491,692
2019-05-25,MWH,8,1,12,0,21,0,0,0,21
2012-11-17,MWH,20,3,3,21,47,0,34,34,81
2012-11-18,MWH,8,0,2,0,10,0,0,0,10
2019-05-06,MWH,7,115,29,20,171,288,12,300,471
2012-11-26,MWH,17,5,70,14,106,390,33,423,529
2019-05-07,MWH,12,113,22,35,182,301,32,333,515
2012-11-25,MWH,0,5,3,0,8,0,0,0,8
2019-05-08,MWH,36,101,33,35,205,254,51,305,510
2012-11-24,MWH,0,4,8,0,12,6,0,6,18
2019-05-09,MWH,12,105,31,31,179,150,38,188,367
2012-11-23,MWH,6,7,6,0,19,0,0,0,19
2019-05-10,MWH,19,6,36,4,65,20,0,20,85
2012-11-22,MWH,0,4,8,0,12,0,0,0,12
2019-05-11,MWH,11,1,24,0,36,10,0,10,46
2012-11-21,MWH,14,11,14,29,68,0,24,24,92
2019-05-12,MWH,13,0,23,0,36,8,0,8,44
2012-11-20,MWH,26,9,9,10,54,2,34,36,90
2019-05-13,MWH,0,121,27,42,190,265,60,325,515
2012-11-19,MWH,0,3,8,49,60,8,92,100,160
2019-05-14,MWH,17,90,25,29,161,212,69,281,442
2019-05-15,MWH,12,71,52,41,176,208,24,232,408
2012-09-06,MWH,23,8,14,34,79,0,0,0,79
2012-11-07,MWH,12,4,160,80,256,331,121,452,708
2012-11-06,MWH,31,7,112,66,216,356,81,437,653
2012-10-26,MWH,14,8,6,38,66,0,0,0,66
2019-06-07,MWH,17,7,22,1,47,10,0,10,57
2012-10-25,MWH,33,6,53,29,121,110,36,146,267
2019-06-08,MWH,12,1,20,0,33,8,0,8,41
2012-10-24,MWH,14,4,93,25,136,270,21,291,427
2019-06-09,MWH,0,0,22,1,23,2,0,2,25
2012-10-23,MWH,29,4,12,42,87,28,0,28,115
2019-06-10,MWH,16,122,30,23,191,227,21,248,439
2012-10-22,MWH,41,3,68,32,144,236,2,238,382
2019-06-11,MWH,19,46,54,23,142,51,14,65,207
2012-10-21,MWH,5,0,5,0,10,0,0,0,10
2019-06-12,MWH,25,54,67,30,176,75,54,129,305
2012-10-20,MWH,16,4,11,0,31,0,0,0,31
2019-06-13,MWH,20,25,38,10,93,28,22,50,143
2012-10-19,MWH,25,12,14,0,51,0,0,0,51
2019-06-14,MWH,3,4,31,5,43,6,4,10,53
2012-10-18,MWH,122,15,142,30,309,416,50,466,775
2019-06-06,MWH,26,135,26,22,209,165,72,237,446
2019-05-26,MWH,0,0,9,0,9,0,0,0,9
2012-10-27,MWH,12,2,0,0,14,0,0,0,14
2012-10-28,MWH,0,0,4,0,4,0,0,0,4
2019-05-27,MWH,0,0,27,6,33,50,0,50,83
2012-11-05,MWH,15,5,117,32,169,449,52,501,670
2019-05-28,MWH,10,106,24,15,155,230,5,235,390
2012-11-04,MWH,14,2,11,0,27,42,0,42,69
2019-05-29,MWH,41,135,46,27,249,217,49,266,515
2012-11-03,MWH,62,4,4,14,84,0,0,0,84
2019-05-30,MWH,12,140,34,36,222,243,40,283,505
2012-11-02,MWH,2,4,5,10,21,0,0,0,21
2019-05-31,MWH,2,15,27,15,59,12,14,26,85
2012-11-01,MWH,10,5,87,35,137,208,38,246,383
2019-06-01,MWH,18,2,28,2,50,18,0,18,68
2012-10-31,MWH,25,15,82,48,170,311,26,337,507
2019-06-02,MWH,7,2,21,3,33,26,6,32,65
2012-10-30,MWH,31,5,94,50,180,284,63,347,527
2019-06-03,MWH,10,91,18,21,140,251,14,265,405
2012-10-29,MWH,12,4,72,22,110,100,17,117,227
2019-06-04,MWH,41,67,20,10,138,167,12,179,317
2019-06-05,MWH,8,128,29,11,176,297,38,335,511
2019-07-27,MWH,19,11,14,3,47,0,19,19,66
2012-09-05,MWH,16,6,24,9,55,0,0,0,55
2019-07-28,MWH,0,3,33,1,37,64,0,64,101
2019-09-19,MWH,15,55,45,27,142,118,28,146,288
2012-07-13,MWH,9,11,71,20,111,168,18,186,297
2019-09-20,MWH,9,12,46,36,103,22,62,84,187
2012-07-12,MWH,26,4,94,41,165,86,11,97,262
2019-09-21,MWH,20,0,12,4,36,12,0,12,48
2012-07-11,MWH,5,4,96,32,137,246,10,256,393
2019-09-22,MWH,13,0,24,20,57,0,4,4,61
2012-07-10,MWH,35,5,69,17,126,118,8,126,252
2019-09-23,MWH,26,85,41,48,200,124,88,212,412
2012-07-09,MWH,51,13,89,23,176,200,9,209,385
2019-09-24,MWH,31,33,63,18,145,40,51,91,236
2012-07-08,MWH,4,2,9,0,15,0,0,0,15
2019-09-25,MWH,15,123,46,24,208,236,48,284,492
2012-07-07,MWH,4,2,5,2,13,0,0,0,13
2019-09-26,MWH,20,108,30,49,207,253,68,321,528
2012-07-06,MWH,11,6,105,11,133,82,21,103,236
2019-09-27,MWH,3,30,26,25,84,18,24,42,126
2012-07-14,MWH,4,2,0,0,6,0,0,0,6
2012-07-05,MWH,8,4,94,4,110,141,0,141,251
2019-09-18,MWH,22,54,34,65,175,58,115,173,348
2019-09-17,MWH,15,59,34,40,148,66,56,122,270
2012-07-24,MWH,7,6,97,23,133,209,101,310,443
2019-09-09,MWH,11,1,24,45,81,16,48,64,145
2012-07-23,MWH,31,7,112,24,174,143,32,175,349
2019-09-10,MWH,13,7,20,51,91,40,96,136,227
2012-07-22,MWH,0,0,8,5,13,0,0,0,13
2019-09-11,MWH,0,5,33,42,80,18,66,84,164
2012-07-21,MWH,12,2,8,2,24,0,0,0,24
2019-09-12,MWH,38,8,57,24,127,20,22,42,169
2012-07-20,MWH,14,4,52,1,71,30,0,30,101
2019-09-13,MWH,5,14,28,14,61,68,12,80,141
2012-07-19,MWH,20,4,85,4,113,54,0,54,167
2019-09-14,MWH,6,0,22,11,39,1,0,1,40
2012-07-18,MWH,10,12,120,86,228,32,40,72,300
2019-09-15,MWH,12,3,9,2,26,0,0,0,26
2012-07-17,MWH,18,7,75,2,102,122,0,122,224
2019-09-16,MWH,19,5,26,73,123,7,28,35,158
2012-07-16,MWH,9,6,86,20,121,155,41,196,317
2012-07-15,MWH,4,0,5,1,10,8,0,8,18
2019-09-08,MWH,4,10,23,11,48,22,2,24,72
2019-09-28,MWH,6,0,10,0,16,0,0,0,16
2019-09-29,MWH,7,0,9,0,16,0,0,0,16
2019-10-10,MWH,23,102,69,11,205,453,42,495,700
2012-06-22,MWH,4,11,32,45,92,0,0,0,92
2019-10-11,MWH,11,15,72,0,98,10,0,10,108
2012-06-21,MWH,3,11,39,33,86,0,0,0,86
2019-10-12,MWH,20,0,25,0,45,10,0,10,55
2012-06-20,MWH,10,5,39,35,89,0,0,0,89
2019-10-13,MWH,6,0,25,0,31,0,0,0,31
2012-06-19,MWH,1,7,46,8,62,0,0,0,62
2019-10-14,MWH,19,153,36,0,208,437,0,437,645
2012-06-18,MWH,1,6,15,44,66,0,0,0,66
2019-10-15,MWH,9,130,20,55,214,369,91,460,674
2012-06-17,MWH,0,3,2,2,7,0,0,0,7
2019-10-16,MWH,12,93,40,23,168,298,30,328,496
2012-06-16,MWH,0,5,9,7,21,0,0,0,21
2019-10-17,MWH,10,101,28,7,146,184,4,188,334
2012-06-15,MWH,11,8,43,15,77,0,0,0,77
2019-10-18,MWH,3,10,51,4,68,11,0,11,79
2012-06-23,MWH,4,7,4,1,16,0,0,0,16
2012-07-04,MWH,6,2,13,0,21,0,0,0,21
2019-10-09,MWH,14,124,29,23,190,298,4,302,492
2019-10-08,MWH,35,84,26,11,156,73,6,79,235
2012-07-03,MWH,9,15,16,39,79,0,29,29,108
2019-09-30,MWH,22,131,14,15,182,280,18,298,480
2012-07-02,MWH,19,7,33,51,110,0,0,0,110
2019-10-01,MWH,14,120,40,23,197,315,32,347,544
2012-07-01,MWH,0,2,6,0,8,0,0,0,8
2019-10-02,MWH,17,128,55,33,233,410,60,470,703
2012-06-30,MWH,0,3,10,1,14,0,0,0,14
2019-10-03,MWH,19,109,26,32,186,361,41,402,588
2012-06-29,MWH,4,18,20,41,83,0,0,0,83
2019-10-04,MWH,13,21,39,15,88,4,60,64,152
2012-06-28,MWH,4,19,32,23,78,0,0,0,78
2019-10-05,MWH,5,0,34,2,41,38,18,56,97
2012-06-27,MWH,3,8,48,17,76,0,0,0,76
2019-10-06,MWH,11,7,27,0,45,26,0,26,71
2012-06-26,MWH,4,19,21,14,58,0,0,0,58
2019-10-07,MWH,26,131,58,76,291,343,92,435,726
2012-06-25,MWH,8,10,34,25,77,0,0,0,77
2012-06-24,MWH,3,4,7,2,16,0,0,0,16
2012-11-27,MWH,6,3,32,16,57,0,0,0,57
2012-07-25,MWH,38,6,109,13,166,52,0,52,218
2012-07-26,MWH,21,4,73,12,110,71,3,74,184
2019-08-08,MWH,17,6,29,40,92,24,76,100,192
2012-08-24,MWH,42,6,7,12,67,0,0,0,67
2019-08-09,MWH,21,5,30,24,80,16,70,86,166
2012-08-23,MWH,51,7,15,38,111,0,40,40,151
2019-08-10,MWH,4,1,10,0,15,30,0,30,45
2012-08-22,MWH,21,6,17,31,75,0,22,22,97
2019-08-11,MWH,9,1,11,1,22,0,0,0,22
2012-08-21,MWH,62,22,34,64,182,4,32,36,218
2019-08-12,MWH,22,18,37,40,117,0,54,54,171
2012-08-20,MWH,58,10,49,27,144,16,17,33,177
2019-08-13,MWH,10,9,61,20,100,16,36,52,152
2012-08-19,MWH,5,5,25,10,45,0,0,0,45
2019-08-14,MWH,31,6,47,11,95,22,8,30,125
2012-08-18,MWH,16,2,17,2,37,0,0,0,37
2019-08-15,MWH,12,5,60,71,148,44,74,118,266
2012-08-17,MWH,30,6,28,23,87,0,2,2,89
2019-08-16,MWH,25,6,52,11,94,42,26,68,162
2012-08-25,MWH,4,4,21,7,36,0,0,0,36
2012-08-16,MWH,28,6,25,21,80,9,1,10,90
2019-08-07,MWH,19,18,45,60,142,49,102,151,293
2019-08-06,MWH,16,9,45,42,112,28,51,79,191
2012-09-04,MWH,8,4,27,28,67,0,0,0,67
2019-07-29,MWH,4,121,37,26,188,189,42,231,419
2012-09-03,MWH,0,4,10,1,15,0,0,0,15
2019-07-30,MWH,22,98,45,31,196,182,40,222,418
2012-09-02,MWH,0,1,20,0,21,0,0,0,21
2019-07-31,MWH,28,93,58,31,210,127,39,166,376
2012-09-01,MWH,0,4,12,2,18,0,0,0,18
2019-08-01,MWH,21,69,40,73,203,144,87,231,434
2012-08-31,MWH,23,9,11,26,69,0,0,0,69
2019-08-02,MWH,21,59,48,17,145,82,44,126,271
2012-08-30,MWH,27,8,21,19,75,0,0,0,75
2019-08-03,MWH,30,37,40,3,110,44,2,46,156
2012-08-29,MWH,47,4,30,30,111,0,4,4,115
2019-08-04,MWH,17,10,24,1,52,30,0,30,82
2012-08-28,MWH,43,5,33,36,117,34,50,84,201
2019-08-05,MWH,19,10,33,23,85,36,56,92,177
2012-08-27,MWH,17,4,32,40,93,0,34,34,127
2012-08-26,MWH,3,0,40,0,43,0,0,0,43
2019-09-07,MWH,4,1,32,9,46,20,0,20,66
2019-08-17,MWH,1,0,22,0,23,0,0,0,23
2019-08-18,MWH,15,0,28,0,43,38,0,38,81
2019-08-29,MWH,14,7,34,26,81,29,70,99,180
2012-08-03,MWH,12,6,53,8,79,58,10,68,147
2019-08-30,MWH,1,16,45,0,62,37,0,37,99
2012-08-02,MWH,37,5,88,58,188,170,20,190,378
2019-08-31,MWH,0,1,20,5,26,0,0,0,26
2012-08-01,MWH,19,4,69,25,117,91,2,93,210
2019-09-01,MWH,0,1,13,2,16,0,0,0,16
2012-07-31,MWH,12,6,130,13,161,152,12,164,325
2019-09-02,MWH,10,5,22,0,37,10,0,10,47
2012-07-30,MWH,21,7,66,16,110,86,6,92,202
2019-09-03,MWH,13,24,44,59,140,0,52,52,192
2012-07-29,MWH,0,0,10,3,13,0,0,0,13
2019-09-04,MWH,19,23,20,37,99,28,64,92,191
2012-07-28,MWH,0,2,8,0,10,0,0,0,10
2019-09-05,MWH,23,10,41,39,113,4,42,46,159
2012-07-27,MWH,26,9,75,14,124,75,60,135,259
2019-09-06,MWH,11,4,15,18,48,0,24,24,72
2012-08-04,MWH,0,2,11,0,13,0,0,0,13
2012-08-15,MWH,36,15,15,7,73,0,0,0,73
2019-08-28,MWH,6,16,56,18,96,0,38,38,134
2019-08-27,MWH,18,11,35,11,75,29,27,56,131
2012-08-14,MWH,18,23,34,39,114,0,8,8,122
2019-08-19,MWH,5,6,29,12,52,6,30,36,88
2012-08-13,MWH,14,10,25,39,88,0,24,24,112
2019-08-20,MWH,9,13,58,27,107,24,57,81,188
2012-08-12,MWH,5,2,8,2,17,0,0,0,17
2019-08-21,MWH,1,7,43,34,85,2,70,72,157
2012-08-11,MWH,7,2,8,0,17,0,0,0,17
2019-08-22,MWH,4,4,48,54,110,36,66,102,212
2012-08-10,MWH,21,4,26,33,84,0,34,34,118
2019-08-23,MWH,25,6,31,6,68,14,10,24,92
2012-08-09,MWH,9,8,32,24,73,22,0,22,95
2019-08-24,MWH,4,0,35,0,39,16,0,16,55
2012-08-08,MWH,25,7,64,25,121,108,10,118,239
2019-08-25,MWH,11,1,32,0,44,32,0,32,76
2012-08-07,MWH,22,4,52,12,90,74,6,80,170
2019-08-26,MWH,5,8,28,27,68,12,56,68,136
2012-08-06,MWH,18,5,100,52,175,102,14,116,291
2012-08-05,MWH,0,11,10,10,31,0,0,0,31
2019-05-05,MWH,0,0,23,0,23,18,0,18,41
2012-11-28,MWH,7,10,89,60,166,230,70,300,466
2019-05-04,MWH,8,0,24,0,32,32,0,32,64
2019-01-10,MWH,0,5,1,14,20,0,0,0,20
2013-03-22,MWH,26,12,18,17,73,4,86,90,163
2019-01-11,MWH,19,28,22,6,75,22,0,22,97
2013-03-21,MWH,10,6,15,48,79,10,46,56,135
2019-01-12,MWH,8,8,23,0,39,0,0,0,39
2013-03-20,MWH,10,10,42,28,90,80,34,114,204
2019-01-13,MWH,4,0,4,0,8,0,0,0,8
2013-03-19,MWH,37,4,76,14,131,128,22,150,281
2019-01-14,MWH,20,26,8,2,56,217,0,217,273
2013-03-18,MWH,21,9,35,30,95,30,48,78,173
2019-01-15,MWH,16,70,8,22,116,299,16,315,431
2013-03-17,MWH,0,0,10,0,10,0,0,0,10
2019-01-16,MWH,11,79,18,44,152,320,44,364,516
2013-03-16,MWH,14,6,37,11,68,2,22,24,92
2019-01-17,MWH,12,7,6,9,34,0,0,0,34
2013-03-15,MWH,17,20,45,51,133,12,28,40,173
2019-01-18,MWH,18,8,19,32,77,12,12,24,101
2013-03-23,MWH,9,4,13,1,27,4,0,4,31
2013-03-14,MWH,26,16,107,41,190,151,76,227,417
2019-01-09,MWH,9,38,7,30,84,288,18,306,390
2019-01-08,MWH,18,47,7,12,84,202,0,202,286
2013-04-02,MWH,35,8,106,31,180,124,69,193,373
2018-12-31,MWH,0,5,7,0,12,0,0,0,12
2013-04-01,MWH,22,13,59,56,150,184,84,268,418
2019-01-01,MWH,0,2,8,0,10,8,0,8,18
2013-03-31,MWH,4,0,4,0,8,0,0,0,8
2019-01-02,MWH,2,4,17,38,61,14,62,76,137
2013-03-30,MWH,5,2,24,0,31,6,0,6,37
2019-01-03,MWH,0,7,8,29,44,14,40,54,98
2013-03-29,MWH,21,4,21,11,57,22,26,48,105
2019-01-04,MWH,20,7,19,32,78,40,74,114,192
2013-03-28,MWH,9,4,29,2,44,16,0,16,60
2019-01-05,MWH,9,0,9,0,18,8,0,8,26
2013-03-27,MWH,19,8,29,49,105,10,57,67,172
2019-01-06,MWH,10,2,18,0,30,22,0,22,52
2013-03-26,MWH,32,6,28,36,102,4,67,71,173
2019-01-07,MWH,12,57,25,30,124,154,10,164,288
2013-03-25,MWH,24,5,21,36,86,9,34,43,129
2013-03-24,MWH,2,0,4,0,6,0,0,0,6
2018-12-30,MWH,10,1,8,0,19,0,0,0,19
2019-01-19,MWH,8,2,4,0,14,0,0,0,14
2019-01-20,MWH,4,2,1,0,7,0,0,0,7
2019-01-31,MWH,9,7,6,15,37,0,0,0,37
2013-03-01,MWH,11,5,20,32,68,31,42,73,141
2019-02-01,MWH,5,8,6,4,23,0,0,0,23
2013-02-28,MWH,19,4,8,29,60,22,0,22,82
2019-02-02,MWH,0,0,3,0,3,0,0,0,3
2013-02-27,MWH,12,9,110,56,187,184,128,312,499
2019-02-03,MWH,4,1,17,0,22,28,0,28,50
2013-02-26,MWH,7,7,123,55,192,154,99,253,445
2019-02-04,MWH,0,5,4,2,11,0,0,0,11
2013-02-25,MWH,4,4,51,39,98,100,66,166,264
2019-02-05,MWH,11,95,20,4,130,302,8,310,440
2013-02-24,MWH,10,1,13,3,27,18,0,18,45
2019-02-06,MWH,28,81,38,16,163,338,28,366,529
2013-02-23,MWH,8,2,21,0,31,0,0,0,31
2019-02-07,MWH,13,130,18,39,200,316,61,377,577
2013-02-22,MWH,4,6,33,7,50,18,28,46,96
2019-02-08,MWH,0,4,3,4,11,0,0,0,11
2013-03-02,MWH,0,9,13,0,22,4,0,4,26
2013-03-13,MWH,29,16,92,59,196,143,137,280,476
2019-01-30,MWH,2,7,7,8,24,0,0,0,24
2019-01-29,MWH,36,199,34,42,311,312,38,350,661
2013-03-12,MWH,36,7,115,29,187,130,74,204,391
2019-01-21,MWH,12,5,27,0,44,32,0,32,76
2013-03-11,MWH,21,11,114,45,191,256,99,355,546
2019-01-22,MWH,7,103,4,26,140,442,13,455,595
2013-03-10,MWH,10,2,14,0,26,24,0,24,50
2019-01-23,MWH,12,88,14,45,159,277,24,301,460
2013-03-09,MWH,4,2,31,0,37,8,0,8,45
2019-01-24,MWH,56,119,7,36,218,439,39,478,696
2013-03-08,MWH,0,14,28,43,85,2,12,14,99
2019-01-25,MWH,31,9,31,27,98,58,28,86,184
2013-03-07,MWH,24,21,102,40,187,166,70,236,423
2019-01-26,MWH,4,2,1,0,7,0,0,0,7
2013-03-06,MWH,16,11,58,3,88,224,0,224,312
2019-01-27,MWH,0,3,10,0,13,0,0,0,13
2013-03-05,MWH,14,6,78,23,121,246,10,256,377
2019-01-28,MWH,31,89,27,33,180,244,35,279,459
2013-03-04,MWH,11,9,122,72,214,162,94,256,470
2013-03-03,MWH,6,0,6,0,12,0,0,0,12
2013-02-21,MWH,34,4,98,56,192,178,44,222,414
2013-04-03,MWH,14,6,105,34,159,169,40,209,368
2013-04-04,MWH,19,6,61,51,137,165,82,247,384
2018-11-29,MWH,27,7,13,29,76,0,0,0,76
2013-05-03,MWH,23,5,26,9,63,12,8,20,83
2018-11-30,MWH,16,17,6,59,98,31,4,35,133
2013-05-02,MWH,81,10,121,45,257,109,54,163,420
2018-12-01,MWH,12,4,3,3,22,0,0,0,22
2013-05-01,MWH,28,5,159,41,233,157,46,203,436
2018-12-02,MWH,21,2,18,0,41,22,0,22,63
2013-04-30,MWH,69,9,95,97,270,107,86,193,463
2018-12-03,MWH,26,31,7,31,95,128,12,140,235
2013-04-29,MWH,24,6,9,29,68,2,22,24,92
2018-12-04,MWH,18,3,13,28,62,0,0,0,62
2013-04-28,MWH,8,2,9,6,25,1,6,7,32
2018-12-05,MWH,22,78,16,17,133,421,1,422,555
2013-04-27,MWH,18,4,10,0,32,0,0,0,32
2018-12-06,MWH,25,2,12,17,56,1,21,22,78
2013-04-26,MWH,26,5,45,27,103,2,122,124,227
2018-12-07,MWH,30,3,12,13,58,0,28,28,86
2013-05-04,MWH,0,3,33,4,40,12,16,28,68
2013-04-25,MWH,34,6,94,21,155,134,16,150,305
2018-11-28,MWH,6,23,0,15,44,0,0,0,44
2018-11-27,MWH,36,24,9,19,88,26,36,62,150
2013-05-14,MWH,106,7,89,18,220,66,4,70,290
2018-11-19,MWH,10,83,13,22,128,407,20,427,555
2013-05-13,MWH,16,5,75,29,125,126,56,182,307
2018-11-20,MWH,28,79,18,40,165,543,38,581,746
2013-05-12,MWH,19,1,10,0,30,0,0,0,30
2018-11-21,MWH,9,4,10,15,38,9,24,33,71
2013-05-11,MWH,14,2,15,0,31,10,0,10,41
2018-11-22,MWH,0,0,0,0,0,0,0,0,0
2013-05-10,MWH,25,7,16,3,51,8,8,16,67
2018-11-23,MWH,4,6,11,0,21,70,0,70,91
2013-05-09,MWH,33,4,94,20,151,81,74,155,306
2018-11-24,MWH,8,1,25,0,34,6,0,6,40
2013-05-08,MWH,45,8,130,29,212,254,18,272,484
2018-11-25,MWH,2,5,22,0,29,43,0,43,72
2013-05-07,MWH,12,4,159,62,237,171,177,348,585
2018-11-26,MWH,45,78,12,60,195,542,145,687,882
2013-05-06,MWH,8,9,96,65,178,198,67,265,443
2013-05-05,MWH,0,0,7,0,7,0,0,0,7
2018-12-29,MWH,6,1,0,8,15,0,0,0,15
2018-12-08,MWH,18,0,3,0,21,0,0,0,21
2018-12-09,MWH,6,1,30,1,38,26,0,26,64
2018-12-20,MWH,8,6,8,16,38,0,0,0,38
2013-04-12,MWH,15,6,13,15,49,14,38,52,101
2018-12-21,MWH,23,2,23,6,54,0,0,0,54
2013-04-11,MWH,9,8,88,20,125,96,24,120,245
2018-12-22,MWH,2,0,18,0,20,0,0,0,20
2013-04-10,MWH,36,4,50,45,135,150,54,204,339
2018-12-23,MWH,10,1,0,0,11,0,0,0,11
2013-04-09,MWH,6,6,144,48,204,230,64,294,498
2018-12-24,MWH,8,7,0,0,15,0,0,0,15
2013-04-08,MWH,18,8,79,66,171,175,87,262,433
2018-12-25,MWH,0,0,3,0,3,0,0,0,3
2013-04-07,MWH,5,1,5,0,11,0,0,0,11
2018-12-26,MWH,10,7,3,0,20,0,0,0,20
2013-04-06,MWH,10,3,2,2,17,8,0,8,25
2018-12-27,MWH,16,12,6,5,39,0,0,0,39
2013-04-05,MWH,8,14,9,13,44,0,18,18,62
2018-12-28,MWH,0,10,0,2,12,0,0,0,12
2013-04-13,MWH,8,6,6,6,26,0,6,6,32
2013-04-24,MWH,8,8,121,30,167,142,20,162,329
2018-12-19,MWH,18,2,17,16,53,0,0,0,53
2018-12-18,MWH,24,4,6,18,52,0,0,0,52
2013-04-23,MWH,34,7,120,37,198,159,94,253,451
2018-12-10,MWH,4,3,2,0,9,0,0,0,9
2013-04-22,MWH,35,4,103,24,166,146,34,180,346
2018-12-11,MWH,20,4,6,2,32,0,0,0,32
2013-04-21,MWH,0,0,19,0,19,28,0,28,47
2018-12-12,MWH,31,2,14,40,87,0,0,0,87
2013-04-20,MWH,0,2,29,1,32,0,0,0,32
2018-12-13,MWH,33,2,11,39,85,0,0,0,85
2013-04-19,MWH,21,4,13,61,99,25,91,116,215
2018-12-14,MWH,32,3,8,12,55,0,0,0,55
2013-04-18,MWH,43,4,109,68,224,148,76,224,448
2018-12-15,MWH,12,1,16,0,29,0,0,0,29
2013-04-17,MWH,35,7,114,48,204,167,32,199,403
2018-12-16,MWH,10,3,8,2,23,0,0,0,23
2013-04-16,MWH,11,10,92,33,146,264,78,342,488
2018-12-17,MWH,11,2,4,5,22,0,0,0,22
2013-04-15,MWH,28,8,87,35,158,123,72,195,353
2013-04-14,MWH,4,0,10,5,19,6,0,6,25
2013-05-15,MWH,41,4,134,35,214,160,16,176,390
2019-02-09,MWH,0,0,0,0,0,0,0,0,0
2019-02-10,MWH,12,0,5,0,17,0,0,0,17
2012-12-28,MWH,0,6,8,14,28,0,0,0,28
2019-04-05,MWH,37,6,8,2,53,20,0,20,73
2012-12-27,MWH,0,10,6,10,26,0,0,0,26
2019-04-06,MWH,2,0,7,9,18,8,0,8,26
2012-12-26,MWH,0,6,1,0,7,0,0,0,7
2019-04-07,MWH,10,6,16,5,37,22,0,22,59
2012-12-25,MWH,0,7,1,0,8,0,0,0,8
2019-04-08,MWH,12,24,5,39,80,66,42,108,188
2012-12-24,MWH,0,4,4,0,8,2,0,2,10
2019-04-09,MWH,5,87,12,39,143,209,24,233,376
2012-12-23,MWH,0,1,1,0,2,0,0,0,2
2019-04-10,MWH,18,97,44,43,202,177,52,229,431
2012-12-22,MWH,0,4,2,0,6,0,0,0,6
2019-04-11,MWH,16,136,23,68,243,180,48,228,471
2012-12-21,MWH,0,2,4,18,24,0,28,28,52
2019-04-12,MWH,16,17,17,29,79,16,0,16,95
2012-12-20,MWH,4,5,7,77,93,0,110,110,203
2019-04-04,MWH,4,131,32,47,214,270,33,303,517
2019-04-13,MWH,12,2,3,3,20,9,0,9,29
2012-12-29,MWH,0,2,0,0,2,0,0,0,2
2012-12-30,MWH,0,0,6,0,6,0,0,0,6
2019-03-25,MWH,20,11,24,42,97,20,54,74,171
2013-01-07,MWH,5,4,3,0,12,0,0,0,12
2019-03-26,MWH,9,10,30,33,82,40,32,72,154
2013-01-06,MWH,0,4,0,5,9,0,0,0,9
2019-03-27,MWH,23,4,19,71,117,8,68,76,193
2013-01-05,MWH,0,4,2,2,8,0,0,0,8
2019-03-28,MWH,12,8,30,27,77,2,50,52,129
2013-01-04,MWH,32,8,6,38,84,0,26,26,110
2019-03-29,MWH,3,11,20,19,53,6,18,24,77
2013-01-03,MWH,9,4,56,29,98,182,9,191,289
2019-03-30,MWH,0,0,38,0,38,4,0,4,42
2013-01-02,MWH,0,6,50,27,83,118,48,166,249
2019-03-31,MWH,10,0,23,0,33,13,0,13,46
2013-01-01,MWH,0,3,1,0,4,0,1,1,5
2019-04-01,MWH,26,86,32,51,195,322,30,352,547
2012-12-31,MWH,0,8,2,0,10,0,0,0,10
2019-04-02,MWH,12,82,32,60,186,216,43,259,445
2019-04-03,MWH,16,77,23,82,198,280,171,451,649
2013-01-08,MWH,17,4,7,7,35,12,0,12,47
2012-12-19,MWH,14,4,9,13,40,0,2,2,42
2012-12-18,MWH,10,9,27,35,81,20,94,114,195
2012-12-07,MWH,23,2,9,16,50,2,24,26,76
2019-04-26,MWH,8,7,29,9,53,12,16,28,81
2012-12-06,MWH,44,2,123,69,238,186,120,306,544
2019-04-27,MWH,10,0,10,1,21,0,0,0,21
2012-12-05,MWH,12,8,115,13,148,300,28,328,476
2019-04-28,MWH,10,0,16,0,26,34,0,34,60
2012-12-04,MWH,18,4,101,15,138,342,22,364,502
2019-04-29,MWH,15,90,32,17,154,228,14,242,396
2012-12-03,MWH,15,3,102,13,133,204,52,256,389
2019-04-30,MWH,31,122,41,27,221,394,35,429,650
2012-12-02,MWH,4,2,5,7,18,0,0,0,18
2019-05-01,MWH,8,117,45,22,192,402,27,429,621
2012-12-01,MWH,4,2,28,1,35,6,0,6,41
2019-05-02,MWH,13,115,34,41,203,162,53,215,418
2012-11-30,MWH,14,7,5,1,27,0,4,4,31
2019-05-03,MWH,8,4,27,8,47,38,0,38,85
2012-11-29,MWH,9,5,58,22,94,116,0,116,210
2019-04-25,MWH,30,126,37,42,235,202,49,251,486
2019-04-14,MWH,0,0,13,2,15,16,0,16,31
2012-12-08,MWH,8,2,20,6,36,8,8,16,52
2012-12-09,MWH,10,2,4,0,16,0,0,0,16
2019-04-15,MWH,4,131,41,34,210,284,52,336,546
2012-12-17,MWH,9,2,7,17,35,0,0,0,35
2019-04-16,MWH,12,125,40,20,197,378,0,378,575
2012-12-16,MWH,6,2,1,0,9,0,0,0,9
2019-04-17,MWH,26,84,41,27,178,193,2,195,373
2012-12-15,MWH,16,2,0,0,18,0,0,0,18
2019-04-18,MWH,26,126,40,21,213,260,0,260,473
2012-12-14,MWH,31,2,6,0,39,0,0,0,39
2019-04-19,MWH,35,6,27,12,80,24,8,32,112
2012-12-13,MWH,38,4,2,0,44,0,0,0,44
2019-04-20,MWH,38,0,28,0,66,42,0,42,108
2012-12-12,MWH,9,3,38,18,68,146,0,146,214
2019-04-21,MWH,2,0,15,1,18,20,0,20,38
2012-12-11,MWH,8,2,14,0,24,26,0,26,50
2019-04-22,MWH,9,131,33,45,218,247,55,302,520
2012-12-10,MWH,19,4,27,8,58,48,0,48,106
2019-04-23,MWH,10,97,18,22,147,262,44,306,453
2019-04-24,MWH,11,120,29,51,211,359,66,425,636
2013-02-20,MWH,15,18,126,49,208,166,38,204,412
2019-03-24,MWH,20,0,2,0,22,0,0,0,22
2019-03-23,MWH,18,0,32,0,50,16,0,16,66
2019-02-21,MWH,6,113,35,34,188,310,36,346,534
2013-02-08,MWH,4,6,24,35,69,9,26,35,104
2019-02-22,MWH,30,9,10,10,59,0,6,6,65
2013-02-07,MWH,21,16,107,28,172,187,62,249,421
2019-02-23,MWH,8,2,10,0,20,0,0,0,20
2013-02-06,MWH,28,3,132,41,204,259,85,344,548
2019-02-24,MWH,4,0,6,4,14,0,0,0,14
2013-02-05,MWH,3,11,7,30,51,68,3,71,122
2019-02-25,MWH,14,92,7,21,134,159,7,166,300
2013-02-04,MWH,2,4,2,11,19,0,0,0,19
2019-02-26,MWH,26,74,29,6,135,339,12,351,486
2013-02-03,MWH,1,2,2,1,6,0,0,0,6
2019-02-27,MWH,28,4,7,4,43,0,0,0,43
2013-02-02,MWH,2,3,41,1,47,4,0,4,51
2019-02-28,MWH,8,4,7,0,19,0,0,0,19
2013-02-01,MWH,17,5,28,52,102,2,100,102,204
2019-03-01,MWH,44,4,10,0,58,36,0,36,94
2013-02-09,MWH,4,2,8,29,43,2,48,50,93
2013-01-31,MWH,154,8,119,21,302,195,8,203,505
2019-02-20,MWH,22,48,22,18,110,278,4,282,392
2019-02-19,MWH,8,87,17,37,149,105,48,153,302
2013-02-19,MWH,24,10,86,39,159,234,72,306,465
2019-02-11,MWH,0,4,9,0,13,0,0,0,13
2013-02-18,MWH,4,10,93,2,109,122,6,128,237
2019-02-12,MWH,3,8,3,0,14,0,0,0,14
2013-02-17,MWH,4,4,14,3,25,0,16,16,41
2019-02-13,MWH,36,27,32,39,134,218,45,263,397
2013-02-16,MWH,2,4,7,0,13,0,0,0,13
2019-02-14,MWH,15,2,0,20,37,0,14,14,51
2013-02-15,MWH,14,6,14,35,69,2,33,35,104
2019-02-15,MWH,16,3,4,0,23,0,0,0,23
2013-02-14,MWH,16,10,60,109,195,90,122,212,407
2019-02-16,MWH,24,1,5,0,30,0,0,0,30
2013-02-13,MWH,17,6,110,103,236,213,146,359,595
2019-02-17,MWH,18,2,6,0,26,0,0,0,26
2013-02-12,MWH,25,8,95,121,249,238,168,406,655
2019-02-18,MWH,17,15,17,0,49,0,0,0,49
2013-02-11,MWH,22,5,133,61,221,280,147,427,648
2013-02-10,MWH,11,0,19,19,49,10,20,30,79
2013-01-09,MWH,15,7,94,34,150,194,10,204,354
2019-03-02,MWH,10,0,11,3,24,0,0,0,24
2019-03-03,MWH,6,0,32,0,38,14,0,14,52
2013-01-18,MWH,19,5,4,6,34,0,0,0,34
2019-03-15,MWH,8,4,32,18,62,7,9,16,78
2013-01-17,MWH,6,3,6,4,19,0,0,0,19
2019-03-16,MWH,10,0,29,0,39,2,0,2,41
2013-01-16,MWH,6,5,15,20,46,108,19,127,173
2019-03-17,MWH,22,1,27,0,50,28,0,28,78
2013-01-15,MWH,11,7,96,18,132,224,48,272,404
2019-03-18,MWH,14,95,33,30,172,216,20,236,408
2013-01-14,MWH,14,4,55,18,91,340,6,346,437
2019-03-19,MWH,30,112,46,24,212,205,8,213,425
2013-01-13,MWH,5,0,10,0,15,0,0,0,15
2019-03-20,MWH,9,49,44,69,171,96,52,148,319
2013-01-12,MWH,12,2,9,14,37,24,0,24,61
2019-03-21,MWH,13,52,46,17,128,154,24,178,306
2013-01-11,MWH,24,8,22,2,56,2,0,2,58
2019-03-22,MWH,28,31,38,18,115,100,12,112,227
2013-01-10,MWH,21,4,79,14,118,232,16,248,366
2019-03-14,MWH,23,118,42,45,228,168,36,204,432
2013-01-30,MWH,12,8,174,95,289,302,150,452,741
2013-01-19,MWH,4,2,2,0,8,0,0,0,8
2013-01-20,MWH,0,3,1,0,4,0,0,0,4
2013-01-29,MWH,38,6,141,10,195,314,16,330,525
2019-03-04,MWH,8,89,32,18,147,317,20,337,484
2013-01-28,MWH,13,6,25,26,70,80,4,84,154
2019-03-05,MWH,10,103,11,37,161,288,66,354,515
2013-01-27,MWH,5,0,1,5,11,0,0,0,11
2019-03-06,MWH,14,8,8,9,39,0,0,0,39
2013-01-26,MWH,2,3,2,9,16,0,0,0,16
2019-03-07,MWH,12,52,21,18,103,184,0,184,287
2013-01-25,MWH,27,6,7,1,41,0,0,0,41
2019-03-08,MWH,12,16,13,17,58,2,21,23,81
2013-01-24,MWH,14,6,8,44,72,0,0,0,72
2019-03-09,MWH,33,9,19,4,65,20,0,20,85
2019-03-10,MWH,12,4,34,3,53,16,0,16,69
2013-01-22,MWH,27,7,12,11,57,38,0,38,95
2019-03-11,MWH,6,4,16,25,51,0,0,0,51
2013-01-21,MWH,19,6,11,14,50,0,0,0,50
2019-03-12,MWH,14,4,6,17,41,0,14,14,55
2019-03-13,MWH,20,117,29,38,204,313,33,346,550
2012-06-14,MWH,22,9,49,22,102,0,0,0,102
2017-12-17,MWH,8,1,0,0,9,0,0,0,9
2017-12-16,MWH,12,4,7,0,23,0,0,0,23
2015-07-09,MWH,23,12,138,58,231,268,68,336,567
2016-09-24,MWH,14,0,16,0,30,10,0,10,40
2015-07-08,MWH,18,16,161,103,298,462,114,576,874
2016-09-25,MWH,2,1,15,0,18,0,0,0,18
2015-07-07,MWH,21,7,132,51,211,310,88,398,609
2016-09-26,MWH,26,6,96,29,157,118,21,139,296
2015-07-06,MWH,2,17,112,64,195,280,76,356,551
2016-09-23,MWH,56,12,40,17,125,4,24,28,153
2016-09-27,MWH,17,5,104,9,135,106,12,118,253
2016-09-28,MWH,25,18,98,24,165,252,50,302,467
2015-07-04,MWH,10,3,27,5,45,0,0,0,45
2016-09-29,MWH,54,4,102,29,189,160,22,182,371
2015-07-03,MWH,14,10,61,12,97,14,0,14,111
2016-09-30,MWH,10,7,25,2,44,2,0,2,46
2015-07-02,MWH,11,9,138,7,165,200,4,204,369
2016-10-01,MWH,89,4,1,0,94,0,0,0,94
2015-07-05,MWH,2,7,21,6,36,0,0,0,36
2015-07-10,MWH,29,25,96,62,212,312,24,336,548
2016-09-22,MWH,47,21,99,27,194,210,18,228,422
2015-07-11,MWH,39,3,54,0,96,4,0,4,100
2016-09-13,MWH,17,5,20,9,51,0,30,30,81
2015-07-19,MWH,13,0,12,9,34,8,6,14,48
2016-09-14,MWH,14,12,43,22,91,48,11,59,150
2015-07-18,MWH,6,4,10,0,20,0,0,0,20
2016-09-15,MWH,58,13,73,12,156,54,12,66,222
2015-07-17,MWH,32,8,86,29,155,132,120,252,407
2016-09-16,MWH,10,8,33,1,52,22,0,22,74
2015-07-16,MWH,7,8,104,56,175,106,58,164,339
2016-09-17,MWH,4,0,2,2,8,0,0,0,8
2015-07-15,MWH,12,10,113,28,163,230,30,260,423
2016-09-18,MWH,26,17,16,2,61,0,0,0,61
2015-07-14,MWH,10,6,151,41,208,192,74,266,474
2016-09-19,MWH,31,9,74,30,144,134,28,162,306
2015-07-13,MWH,4,18,111,31,164,182,30,212,376
2016-09-20,MWH,30,13,132,11,186,214,0,214,400
2015-07-12,MWH,22,16,74,9,121,6,6,12,133
2016-09-21,MWH,15,8,111,25,159,195,38,233,392
2015-07-01,MWH,11,19,91,19,140,176,48,224,364
2016-10-02,MWH,96,0,9,0,105,0,0,0,105
2015-06-30,MWH,0,11,30,30,71,7,8,15,86
2016-10-03,MWH,0,4,85,32,121,236,58,294,415
2016-10-14,MWH,16,14,11,4,45,0,0,0,45
2015-06-18,MWH,4,8,30,38,80,48,58,106,186
2016-10-15,MWH,2,6,1,0,9,0,0,0,9
2015-06-17,MWH,2,6,27,46,81,28,92,120,201
2016-10-16,MWH,2,0,3,0,5,0,0,0,5
2015-06-16,MWH,10,7,21,34,72,42,24,66,138
2016-10-17,MWH,4,8,69,13,94,258,25,283,377
2015-06-15,MWH,21,10,13,41,85,22,72,94,179
2016-10-18,MWH,27,6,77,80,190,292,220,512,702
2015-06-14,MWH,0,1,23,4,28,104,11,115,143
2016-10-19,MWH,14,6,87,16,123,364,26,390,513
2015-06-13,MWH,10,1,42,0,53,40,0,40,93
2016-10-20,MWH,20,6,79,5,110,364,2,366,476
2015-06-12,MWH,21,6,16,14,57,2,22,24,81
2016-10-21,MWH,12,3,7,0,22,0,0,0,22
2015-06-11,MWH,35,4,71,24,134,125,52,177,311
2016-10-22,MWH,10,0,16,0,26,4,0,4,30
2015-06-19,MWH,26,16,14,8,64,6,18,24,88
2015-07-20,MWH,36,13,81,50,180,128,100,228,408
2016-10-13,MWH,10,8,14,7,39,10,0,10,49
2016-10-12,MWH,16,7,71,26,120,168,8,176,296
2015-06-29,MWH,25,24,28,44,121,2,116,118,239
2016-10-04,MWH,9,6,87,39,141,182,69,251,392
2015-06-28,MWH,25,4,19,2,50,6,0,6,56
2016-10-05,MWH,27,5,74,38,144,182,78,260,404
2015-06-27,MWH,4,6,21,4,35,21,8,29,64
2016-10-06,MWH,36,12,83,43,174,186,42,228,402
2015-06-26,MWH,6,14,25,25,70,68,70,138,208
2016-10-07,MWH,20,8,8,24,60,0,44,44,104
2015-06-25,MWH,16,7,26,32,81,9,26,35,116
2016-10-08,MWH,38,2,10,0,50,2,0,2,52
2015-06-24,MWH,22,4,14,23,63,8,14,22,85
2016-10-09,MWH,7,0,5,0,12,4,0,4,16
2015-06-23,MWH,34,9,13,39,95,19,59,78,173
2016-10-10,MWH,22,6,59,0,87,148,0,148,235
2015-06-22,MWH,26,15,18,49,108,13,168,181,289
2016-10-11,MWH,12,20,79,21,132,184,54,238,370
2015-06-21,MWH,9,0,10,2,21,20,0,20,41
2015-06-20,MWH,8,2,16,0,26,35,0,35,61
2016-09-12,MWH,15,7,9,31,62,0,25,25,87
2015-07-21,MWH,25,20,69,44,158,270,38,308,466
2016-09-11,MWH,59,14,9,4,86,0,0,0,86
2015-08-20,MWH,32,39,29,41,141,16,24,40,181
2016-08-13,MWH,11,0,10,6,27,2,0,2,29
2015-08-19,MWH,35,82,15,34,166,42,34,76,242
2016-08-14,MWH,21,0,10,2,33,0,0,0,33
2015-08-18,MWH,20,55,20,19,114,6,14,20,134
2016-08-15,MWH,26,3,35,7,71,2,8,10,81
2015-08-17,MWH,26,30,29,34,119,8,32,40,159
2016-08-16,MWH,29,6,15,13,63,0,0,0,63
2015-08-16,MWH,16,13,28,3,60,14,0,14,74
2016-08-17,MWH,33,7,15,38,93,8,41,49,142
2015-08-15,MWH,51,12,48,5,116,8,0,8,124
2016-08-18,MWH,56,10,17,30,113,1,30,31,144
2015-08-14,MWH,17,9,57,13,96,32,0,32,128
2016-08-19,MWH,32,18,5,20,75,0,34,34,109
2015-08-13,MWH,10,7,20,30,67,24,40,64,131
2016-08-20,MWH,44,0,17,0,61,0,0,0,61
2015-08-12,MWH,25,14,36,46,121,190,76,266,387
2016-08-12,MWH,51,6,37,4,98,58,4,62,160
2016-08-21,MWH,6,0,7,1,14,0,0,0,14
2015-08-21,MWH,32,29,22,36,119,22,4,26,145
2015-08-22,MWH,25,31,19,11,86,0,0,0,86
2016-08-02,MWH,6,18,71,22,117,151,32,183,300
2015-08-30,MWH,6,22,2,10,40,0,0,0,40
2016-08-03,MWH,21,20,118,56,215,176,46,222,437
2015-08-29,MWH,0,0,4,0,4,0,0,0,4
2016-08-04,MWH,13,34,89,9,145,142,2,144,289
2015-08-28,MWH,11,26,16,31,84,0,18,18,102
2016-08-05,MWH,45,15,66,4,130,180,6,186,316
2015-08-27,MWH,39,51,38,25,153,24,30,54,207
2016-08-06,MWH,9,69,38,11,127,32,0,32,159
2015-08-26,MWH,20,12,26,69,127,23,124,147,274
2016-08-07,MWH,6,15,23,3,47,4,0,4,51
2015-08-25,MWH,35,53,47,36,171,6,12,18,189
2016-08-08,MWH,19,5,72,41,137,106,68,174,311
2015-08-24,MWH,21,28,16,35,100,14,12,26,126
2016-08-09,MWH,42,7,72,36,157,98,26,124,281
2015-08-23,MWH,0,10,10,5,25,0,0,0,25
2016-08-10,MWH,38,8,57,33,136,168,22,190,326
2016-08-11,MWH,18,6,54,16,94,74,12,86,180
2015-06-10,MWH,54,19,100,29,202,56,48,104,306
2015-08-11,MWH,25,10,69,63,167,174,48,222,389
2015-08-10,MWH,8,20,68,29,125,114,42,156,281
2015-07-30,MWH,23,10,100,20,153,262,48,310,463
2016-09-03,MWH,10,1,19,2,32,20,0,20,52
2015-07-29,MWH,4,13,110,47,174,186,89,275,449
2016-09-04,MWH,8,0,10,0,18,8,0,8,26
2015-07-28,MWH,18,12,102,9,141,267,8,275,416
2016-09-05,MWH,0,0,15,0,15,2,0,2,17
2015-07-27,MWH,9,7,73,14,103,96,28,124,227
2016-09-06,MWH,12,4,13,30,59,8,60,68,127
2015-07-26,MWH,0,4,17,1,22,44,0,44,66
2016-09-07,MWH,51,13,14,21,99,8,50,58,157
2015-07-25,MWH,9,0,15,0,24,0,0,0,24
2016-09-08,MWH,19,4,16,41,80,8,47,55,135
2015-07-24,MWH,26,4,65,31,126,66,26,92,218
2016-09-09,MWH,25,4,38,6,73,98,20,118,191
2015-07-23,MWH,43,7,75,40,165,206,32,238,403
2016-09-10,MWH,14,3,4,2,23,0,0,0,23
2015-07-22,MWH,22,25,106,46,199,177,52,229,428
2016-09-02,MWH,28,6,35,3,72,0,0,0,72
2016-08-22,MWH,19,12,31,39,101,4,28,32,133
2015-07-31,MWH,13,9,83,28,133,174,28,202,335
2015-08-01,MWH,14,5,7,0,26,0,0,0,26
2016-08-23,MWH,36,17,27,17,97,0,36,36,133
2015-08-09,MWH,12,9,13,7,41,0,0,0,41
2016-08-24,MWH,7,9,44,19,79,8,0,8,87
2015-08-08,MWH,4,5,41,6,56,16,0,16,72
2016-08-25,MWH,31,10,24,5,70,0,0,0,70
2015-08-07,MWH,37,6,107,20,170,186,26,212,382
2016-08-26,MWH,30,10,16,0,56,0,0,0,56
2015-08-06,MWH,18,16,96,45,175,206,30,236,411
2016-08-27,MWH,31,6,15,0,52,0,0,0,52
2015-08-05,MWH,52,11,97,17,177,126,33,159,336
2016-08-28,MWH,57,16,43,23,139,14,0,14,153
2015-08-04,MWH,2,13,92,22,129,212,60,272,401
2016-08-29,MWH,21,4,27,7,59,0,16,16,75
2015-08-03,MWH,9,4,81,33,127,148,32,180,307
2016-08-30,MWH,28,8,51,22,109,14,4,18,127
2015-08-02,MWH,10,7,20,11,48,12,0,12,60
2016-08-31,MWH,28,21,40,43,132,10,58,68,200
2016-09-01,MWH,16,4,27,31,78,2,52,54,132
2016-10-23,MWH,0,2,10,0,12,10,0,10,22
2015-06-09,MWH,18,5,83,53,159,197,112,309,468
2016-10-24,MWH,23,7,80,43,153,220,42,262,415
2016-12-16,MWH,38,11,34,9,92,0,42,42,134
2015-04-16,MWH,22,8,110,26,166,170,32,202,368
2016-12-17,MWH,12,0,12,0,24,8,0,8,32
2015-04-15,MWH,6,14,109,34,163,118,56,174,337
2016-12-18,MWH,6,2,4,0,12,6,0,6,18
2015-04-14,MWH,14,4,40,23,81,38,20,58,139
2016-12-19,MWH,31,2,12,8,53,0,10,10,63
2015-04-13,MWH,12,6,102,15,135,194,2,196,331
2016-12-20,MWH,15,2,0,10,27,0,0,0,27
2015-04-12,MWH,4,2,5,0,11,0,0,0,11
2016-12-21,MWH,11,5,18,17,51,18,24,42,93
2015-04-11,MWH,4,1,12,0,17,0,0,0,17
2016-12-22,MWH,10,2,3,27,42,0,22,22,64
2015-04-10,MWH,34,6,21,8,69,15,12,27,96
2016-12-23,MWH,3,2,0,2,7,0,0,0,7
2015-04-09,MWH,18,6,97,27,148,134,27,161,309
2016-12-24,MWH,0,0,0,0,0,0,0,0,0
2015-04-17,MWH,10,8,30,26,74,42,54,96,170
2015-04-08,MWH,22,6,127,51,206,86,68,154,360
2016-12-15,MWH,20,3,18,10,51,0,0,0,51
2016-12-14,MWH,54,3,6,9,72,0,6,6,78
2015-04-27,MWH,17,7,128,19,171,160,66,226,397
2016-12-06,MWH,18,2,21,2,43,20,18,38,81
2015-04-26,MWH,5,2,8,0,15,0,0,0,15
2016-12-07,MWH,34,2,38,27,101,42,11,53,154
2015-04-25,MWH,4,0,29,0,33,6,0,6,39
2016-12-08,MWH,10,7,1,22,40,0,50,50,90
2015-04-24,MWH,14,4,18,25,61,0,104,104,165
2016-12-09,MWH,24,5,3,0,32,0,0,0,32
2015-04-23,MWH,36,9,98,42,185,148,42,190,375
2016-12-10,MWH,10,0,2,2,14,0,0,0,14
2015-04-22,MWH,17,8,101,28,154,314,58,372,526
2016-12-11,MWH,1,0,2,0,3,0,0,0,3
2015-04-21,MWH,29,10,131,19,189,122,10,132,321
2016-12-12,MWH,19,2,11,10,42,2,16,18,60
2015-04-20,MWH,20,5,154,30,209,190,42,232,441
2016-12-13,MWH,23,11,8,8,50,18,12,30,80
2015-04-19,MWH,0,2,32,10,44,0,8,8,52
2015-04-18,MWH,20,0,21,0,41,12,0,12,53
2016-12-05,MWH,17,2,44,20,83,162,36,198,281
2016-12-25,MWH,0,0,2,0,2,0,0,0,2
2016-12-26,MWH,3,0,7,0,10,0,0,0,10
2017-01-06,MWH,12,11,18,19,60,16,14,30,90
2015-03-26,MWH,12,14,37,45,108,24,72,96,204
2017-01-07,MWH,3,2,12,2,19,10,0,10,29
2015-03-25,MWH,40,8,33,68,149,6,40,46,195
2017-01-08,MWH,0,0,0,0,0,0,0,0,0
2015-03-24,MWH,35,8,3,45,91,0,72,72,163
2017-01-09,MWH,6,6,7,1,20,1,0,1,21
2015-03-23,MWH,38,18,4,27,87,0,100,100,187
2017-01-10,MWH,8,4,10,6,28,6,6,12,40
2015-03-22,MWH,4,0,4,3,11,0,0,0,11
2017-01-11,MWH,15,6,51,41,113,168,20,188,301
2015-03-21,MWH,0,0,6,3,9,0,6,6,15
2017-01-12,MWH,26,4,72,10,112,294,4,298,410
2015-03-20,MWH,17,8,19,14,58,24,54,78,136
2017-01-13,MWH,2,8,8,0,18,0,0,0,18
2015-03-19,MWH,32,7,55,27,121,74,56,130,251
2017-01-14,MWH,4,0,2,4,10,0,0,0,10
2015-03-27,MWH,4,22,34,16,76,8,48,56,132
2015-04-07,MWH,11,5,91,62,169,124,93,217,386
2017-01-05,MWH,25,7,48,36,116,158,62,220,336
2017-01-04,MWH,19,8,22,25,74,57,40,97,171
2015-04-06,MWH,4,9,55,32,100,43,20,63,163
2016-12-27,MWH,0,2,0,6,8,0,0,0,8
2015-04-05,MWH,0,5,11,1,17,15,0,15,32
2016-12-28,MWH,9,4,6,13,32,0,33,33,65
2015-04-04,MWH,0,0,12,0,12,0,0,0,12
2016-12-29,MWH,0,6,20,37,63,26,70,96,159
2015-04-03,MWH,24,17,8,15,64,6,60,66,130
2016-12-30,MWH,0,12,4,0,16,8,0,8,24
2015-04-02,MWH,26,14,152,12,204,266,4,270,474
2016-12-31,MWH,0,2,0,0,2,0,0,0,2
2015-04-01,MWH,22,4,107,21,154,282,12,294,448
2017-01-01,MWH,0,2,2,0,4,0,0,0,4
2015-03-31,MWH,12,13,67,17,109,455,14,469,578
2017-01-02,MWH,0,0,7,0,7,0,0,0,7
2015-03-30,MWH,0,6,102,10,118,198,34,232,350
2017-01-03,MWH,0,12,8,4,24,11,0,11,35
2015-03-29,MWH,4,0,7,3,14,0,12,12,26
2015-03-28,MWH,4,8,3,2,17,0,14,14,31
2015-08-31,MWH,41,26,14,18,99,4,10,14,113
2015-04-28,MWH,4,8,116,32,160,166,116,282,442
2015-04-29,MWH,17,12,77,30,136,172,75,247,383
2016-11-04,MWH,35,4,36,17,92,16,11,27,119
2015-05-28,MWH,30,15,100,28,173,163,34,197,370
2016-11-05,MWH,29,2,8,15,54,12,4,16,70
2015-05-27,MWH,16,22,107,42,187,174,34,208,395
2016-11-06,MWH,4,0,35,5,44,16,0,16,60
2015-05-26,MWH,14,6,62,32,114,136,56,192,306
2016-11-07,MWH,19,8,62,28,117,322,48,370,487
2015-05-25,MWH,0,7,8,0,15,0,0,0,15
2016-11-08,MWH,27,5,69,8,109,326,6,332,441
2015-05-24,MWH,0,2,5,2,9,0,10,10,19
2016-11-09,MWH,20,15,75,34,144,354,43,397,541
2015-05-23,MWH,8,1,18,9,36,0,4,4,40
2016-11-10,MWH,46,5,29,37,117,8,22,30,147
2015-05-22,MWH,50,7,20,4,81,28,0,28,109
2016-11-11,MWH,11,8,9,2,30,0,10,10,40
2015-05-21,MWH,55,12,87,17,171,200,24,224,395
2016-11-12,MWH,5,3,14,0,22,12,0,12,34
2015-05-29,MWH,9,8,14,23,54,10,32,42,96
2015-05-20,MWH,28,14,107,50,199,272,48,320,519
2016-11-03,MWH,10,7,90,52,159,368,28,396,555
2016-11-02,MWH,36,10,83,42,171,222,39,261,432
2015-06-08,MWH,25,6,68,99,198,121,162,283,481
2016-10-25,MWH,13,5,90,25,133,278,42,320,453
2015-06-07,MWH,22,1,9,6,38,10,4,14,52
2016-10-26,MWH,15,5,10,5,35,0,0,0,35
2015-06-06,MWH,8,2,14,0,24,22,0,22,46
2016-10-27,MWH,4,8,18,13,43,0,26,26,69
2015-06-05,MWH,15,4,25,21,65,22,32,54,119
2016-10-28,MWH,47,6,10,0,63,8,0,8,71
2015-06-04,MWH,24,9,95,48,176,138,56,194,370
2016-10-29,MWH,8,0,10,0,18,12,0,12,30
2015-06-03,MWH,8,6,116,44,174,206,60,266,440
2016-10-30,MWH,0,3,5,0,8,10,0,10,18
2015-06-02,MWH,3,6,74,31,114,173,6,179,293
2016-10-31,MWH,32,8,69,11,120,230,58,288,408
2015-06-01,MWH,4,4,86,45,139,308,45,353,492
2016-11-01,MWH,9,14,87,15,125,298,12,310,435
2015-05-31,MWH,0,0,12,0,12,3,0,3,15
2015-05-30,MWH,2,0,16,2,20,0,12,12,32
2016-12-04,MWH,3,0,7,0,10,0,0,0,10
2016-11-13,MWH,46,2,17,0,65,10,0,10,75
2016-11-14,MWH,13,6,61,20,100,386,20,406,506
2016-11-25,MWH,0,4,17,0,21,6,0,6,27
2015-05-07,MWH,18,8,80,43,149,110,34,144,293
2016-11-26,MWH,13,2,2,0,17,0,0,0,17
2015-05-06,MWH,18,6,70,42,136,91,30,121,257
2016-11-27,MWH,10,0,7,0,17,2,0,2,19
2015-05-05,MWH,2,8,85,21,116,76,32,108,224
2016-11-28,MWH,20,10,91,31,152,474,43,517,669
2015-05-04,MWH,8,8,74,45,135,124,90,214,349
2016-11-29,MWH,16,2,92,18,128,410,28,438,566
2015-05-03,MWH,4,2,2,0,8,2,0,2,10
2016-11-30,MWH,31,8,24,38,101,12,24,36,137
2015-05-02,MWH,0,1,24,6,31,10,44,54,85
2016-12-01,MWH,51,15,85,69,220,248,108,356,576
2015-05-01,MWH,12,8,23,27,70,3,60,63,133
2016-12-02,MWH,12,2,11,38,63,0,8,8,71
2015-04-30,MWH,11,7,102,27,147,164,42,206,353
2016-12-03,MWH,2,0,17,0,19,0,0,0,19
2015-05-08,MWH,12,8,34,15,69,12,52,64,133
2015-05-19,MWH,18,12,105,27,162,134,100,234,396
2016-11-24,MWH,0,0,0,0,0,0,0,0,0
2016-11-23,MWH,33,6,16,19,74,18,16,34,108
2015-05-18,MWH,7,8,83,30,128,164,44,208,336
2016-11-15,MWH,17,6,33,14,70,88,22,110,180
2015-05-17,MWH,4,4,16,2,26,16,0,16,42
2016-11-16,MWH,34,6,92,58,190,492,128,620,810
2015-05-16,MWH,16,0,19,6,41,0,12,12,53
2016-11-17,MWH,20,6,8,24,58,50,47,97,155
2015-05-15,MWH,16,7,16,31,70,28,40,68,138
2016-11-18,MWH,34,4,19,1,58,4,0,4,62
2015-05-14,MWH,33,8,95,36,172,248,76,324,496
2016-11-19,MWH,10,0,11,0,21,0,0,0,21
2015-05-13,MWH,12,5,44,3,64,68,2,70,134
2016-11-20,MWH,0,0,30,1,31,12,2,14,45
2015-05-12,MWH,20,5,62,36,123,76,32,108,231
2016-11-21,MWH,0,4,32,4,40,0,0,0,40
2015-05-11,MWH,13,11,74,33,131,172,38,210,341
2016-11-22,MWH,27,3,20,23,73,0,4,4,77
2015-05-10,MWH,2,2,13,7,24,0,16,16,40
2015-05-09,MWH,3,5,5,14,27,4,4,8,35
2016-08-01,MWH,18,24,68,72,182,164,56,220,402
2015-09-01,MWH,14,20,19,23,76,2,20,22,98
2016-07-31,MWH,5,6,39,1,51,8,0,8,59
2015-12-24,MWH,0,4,3,0,7,0,0,0,7
2016-04-09,MWH,0,1,9,3,13,2,0,2,15
2015-12-23,MWH,2,2,1,7,12,0,0,0,12
2016-04-10,MWH,0,0,22,3,25,48,0,48,73
2015-12-22,MWH,0,4,12,27,43,0,0,0,43
2016-04-11,MWH,15,4,94,35,148,202,34,236,384
2015-12-21,MWH,4,2,6,9,21,0,0,0,21
2016-04-12,MWH,12,4,78,18,112,130,10,140,252
2015-12-20,MWH,2,0,0,0,2,0,0,0,2
2016-04-13,MWH,48,8,94,33,183,142,14,156,339
2015-12-19,MWH,0,0,0,0,0,0,0,0,0
2016-04-14,MWH,48,6,59,21,134,174,16,190,324
2015-12-18,MWH,0,4,2,20,26,0,0,0,26
2016-04-15,MWH,71,8,34,29,142,34,34,68,210
2015-12-17,MWH,19,8,31,23,81,0,34,34,115
2016-04-16,MWH,7,1,33,15,56,12,12,24,80
2015-12-16,MWH,26,2,38,48,114,14,72,86,200
2016-04-08,MWH,23,9,27,15,74,36,8,44,118
2016-04-17,MWH,21,17,20,9,67,26,14,40,107
2015-12-25,MWH,0,4,0,0,4,0,0,0,4
2015-12-26,MWH,0,4,2,0,6,0,0,0,6
2016-03-29,MWH,8,4,51,12,75,158,10,168,243
2016-01-03,MWH,0,0,0,0,0,0,0,0,0
2016-03-30,MWH,13,6,111,32,162,264,30,294,456
2016-01-02,MWH,0,0,10,0,10,0,0,0,10
2016-03-31,MWH,18,4,142,34,198,242,52,294,492
2016-01-01,MWH,0,0,0,0,0,0,0,0,0
2016-04-01,MWH,17,4,52,16,89,30,28,58,147
2015-12-31,MWH,0,4,17,21,42,0,16,16,58
2016-04-02,MWH,10,2,29,0,41,0,0,0,41
2015-12-30,MWH,0,6,8,4,18,0,6,6,24
2016-04-03,MWH,4,2,20,0,26,2,0,2,28
2015-12-29,MWH,3,2,4,3,12,0,0,0,12
2016-04-04,MWH,0,4,26,22,52,10,26,36,88
2015-12-28,MWH,0,2,7,14,23,0,0,0,23
2016-04-05,MWH,17,4,89,8,118,108,4,112,230
2015-12-27,MWH,0,0,2,0,2,0,0,0,2
2016-04-06,MWH,10,4,92,34,140,166,48,214,354
2016-04-07,MWH,6,5,86,17,114,76,14,90,204
2016-01-04,MWH,0,4,3,9,16,0,6,6,22
2015-12-15,MWH,20,6,32,26,84,6,38,44,128
2015-12-14,MWH,14,2,21,34,71,0,66,66,137
2015-12-03,MWH,18,5,36,0,59,170,0,170,229
2016-04-30,MWH,15,0,23,0,38,20,0,20,58
2015-12-02,MWH,16,1,10,2,29,0,0,0,29
2016-05-01,MWH,8,0,17,0,25,12,0,12,37
2015-12-01,MWH,4,2,10,20,36,88,0,88,124
2016-05-02,MWH,36,4,101,10,151,164,22,186,337
2015-11-30,MWH,0,2,7,0,9,0,0,0,9
2016-05-03,MWH,42,9,85,46,182,160,20,180,362
2015-11-29,MWH,0,0,5,0,5,0,0,0,5
2016-05-04,MWH,23,10,49,29,111,126,32,158,269
2015-11-28,MWH,0,7,7,0,14,0,0,0,14
2016-05-05,MWH,27,7,63,38,135,86,24,110,245
2015-11-27,MWH,0,2,3,0,5,0,0,0,5
2016-05-06,MWH,32,6,36,35,109,2,38,40,149
2015-11-26,MWH,0,0,1,0,1,0,0,0,1
2016-05-07,MWH,18,1,44,14,77,43,10,53,130
2015-11-25,MWH,8,2,4,10,24,0,22,22,46
2016-04-29,MWH,0,4,20,21,45,10,46,56,101
2016-04-18,MWH,32,6,77,19,134,116,22,138,272
2015-12-04,MWH,8,2,6,24,40,2,6,8,48
2015-12-05,MWH,8,0,2,0,10,0,0,0,10
2016-04-19,MWH,38,10,100,24,172,40,26,66,238
2015-12-13,MWH,14,0,16,0,30,2,0,2,32
2016-04-20,MWH,85,4,82,7,178,178,6,184,362
2015-12-12,MWH,6,3,2,2,13,0,0,0,13
2016-04-21,MWH,12,5,91,31,139,126,66,192,331
2015-12-11,MWH,34,8,17,15,74,8,16,24,98
2016-04-22,MWH,18,6,33,10,67,24,8,32,99
2015-12-10,MWH,33,3,0,32,68,0,0,0,68
2016-04-23,MWH,3,0,18,1,22,0,0,0,22
2015-12-09,MWH,12,2,2,21,37,0,10,10,47
2016-04-24,MWH,4,0,17,6,27,8,0,8,35
2015-12-08,MWH,4,3,14,22,43,6,0,6,49
2016-04-25,MWH,15,4,52,25,96,116,16,132,228
2015-12-07,MWH,0,3,5,17,25,0,0,0,25
2016-04-26,MWH,20,3,106,22,151,162,16,178,329
2015-12-06,MWH,0,3,6,0,9,0,0,0,9
2016-04-27,MWH,32,4,67,31,134,102,10,112,246
2016-04-28,MWH,8,4,78,29,119,138,24,162,281
2016-05-08,MWH,5,0,13,0,18,0,0,0,18
2016-03-28,MWH,21,7,62,11,101,206,10,216,317
2016-03-27,MWH,4,0,7,0,11,0,0,0,11
2016-02-04,MWH,10,6,2,18,36,1,14,15,51
2016-02-27,MWH,0,0,18,0,18,14,0,14,32
2016-02-03,MWH,4,8,57,20,89,198,34,232,321
2016-02-28,MWH,0,0,3,0,3,0,0,0,3
2016-02-02,MWH,7,6,54,12,79,114,6,120,199
2016-02-29,MWH,4,19,114,19,156,266,9,275,431
2016-02-01,MWH,13,16,85,29,143,158,36,194,337
2016-03-01,MWH,8,9,22,18,57,2,0,2,59
2016-01-31,MWH,4,2,13,0,19,52,0,52,71
2016-03-02,MWH,4,11,134,16,165,322,58,380,545
2016-01-30,MWH,8,10,16,0,34,54,0,54,88
2016-03-03,MWH,17,9,85,20,131,214,30,244,375
2016-01-29,MWH,7,7,6,53,73,6,34,40,113
2016-03-04,MWH,6,7,20,30,63,8,24,32,95
2016-01-28,MWH,16,7,64,36,123,170,32,202,325
2016-03-05,MWH,14,1,6,6,27,6,0,6,33
2016-01-27,MWH,17,4,27,39,87,0,10,10,97
2016-02-26,MWH,11,28,14,37,90,2,48,50,140
2016-03-06,MWH,4,0,2,3,9,0,0,0,9
2016-02-05,MWH,17,4,0,3,24,0,0,0,24
2016-02-06,MWH,2,7,7,1,17,0,0,0,17
2016-02-16,MWH,35,20,104,23,182,238,18,256,438
2016-02-14,MWH,2,4,2,0,8,0,0,0,8
2016-02-17,MWH,18,7,100,45,170,182,22,204,374
2016-02-13,MWH,3,10,8,0,21,0,0,0,21
2016-02-18,MWH,2,14,60,35,111,224,16,240,351
2016-02-12,MWH,12,10,8,5,35,0,0,0,35
2016-02-19,MWH,6,6,8,48,68,0,100,100,168
2016-02-11,MWH,26,6,62,28,122,182,32,214,336
2016-02-20,MWH,8,0,13,2,23,0,0,0,23
2016-02-10,MWH,23,14,101,35,173,226,12,238,411
2016-02-21,MWH,2,3,17,0,22,54,0,54,76
2016-02-09,MWH,16,4,107,52,179,234,42,276,455
2016-02-22,MWH,24,11,108,47,190,180,28,208,398
2016-02-08,MWH,27,8,97,18,150,135,28,163,313
2016-02-23,MWH,45,8,131,10,194,236,42,278,472
2016-02-07,MWH,0,0,13,0,13,6,0,6,19
2016-02-24,MWH,9,14,127,18,168,198,26,224,392
2016-02-25,MWH,13,11,111,22,157,230,30,260,417
2016-01-05,MWH,0,9,37,5,51,126,0,126,177
2016-01-26,MWH,14,6,3,16,39,0,0,0,39
2016-01-25,MWH,8,4,5,23,40,0,0,0,40
2016-01-14,MWH,0,8,114,60,182,243,91,334,516
2016-03-19,MWH,4,0,12,5,21,6,8,14,35
2016-01-13,MWH,2,4,4,1,11,0,0,0,11
2016-03-20,MWH,0,2,13,0,15,2,0,2,17
2016-01-12,MWH,15,10,47,10,82,222,0,222,304
2016-03-21,MWH,36,4,23,39,102,8,52,60,162
2016-01-11,MWH,10,4,58,6,78,184,32,216,294
2016-03-22,MWH,12,4,3,9,28,0,32,32,60
2016-01-10,MWH,0,2,4,0,6,0,0,0,6
2016-03-23,MWH,24,4,18,42,88,2,70,72,160
2016-01-09,MWH,10,0,2,0,12,0,0,0,12
2016-03-24,MWH,10,8,1,39,58,0,62,62,120
2016-01-08,MWH,2,4,3,1,10,0,0,0,10
2016-03-25,MWH,2,4,9,16,31,0,22,22,53
2016-01-07,MWH,4,9,6,2,21,0,0,0,21
2016-03-26,MWH,6,2,18,2,28,8,0,8,36
2016-01-06,MWH,15,9,42,39,105,170,10,180,285
2016-03-18,MWH,9,5,46,55,115,46,38,84,199
2016-03-07,MWH,16,6,102,45,169,228,50,278,447
2016-01-15,MWH,25,6,5,29,65,0,46,46,111
2016-01-16,MWH,8,2,0,0,10,0,0,0,10
2016-03-08,MWH,24,18,138,45,225,366,32,398,623
2016-01-24,MWH,6,2,5,0,13,0,0,0,13
2016-03-09,MWH,30,4,54,54,142,268,12,280,422
2016-01-23,MWH,8,0,1,0,9,0,0,0,9
2016-03-10,MWH,12,26,27,42,107,144,40,184,291
2016-01-22,MWH,38,13,18,24,93,0,38,38,131
2016-03-11,MWH,16,5,10,2,33,0,0,0,33
2016-01-21,MWH,22,3,76,36,137,256,40,296,433
2016-03-12,MWH,10,12,2,0,24,0,0,0,24
2016-01-20,MWH,8,4,126,38,176,232,22,254,430
2016-03-13,MWH,6,2,4,0,12,0,0,0,12
2016-01-19,MWH,2,6,0,8,16,0,18,18,34
2016-03-14,MWH,14,8,77,19,118,150,32,182,300
2016-01-18,MWH,4,6,7,0,17,0,0,0,17
2016-03-15,MWH,19,9,68,28,124,110,68,178,302
2016-01-17,MWH,8,8,0,0,16,0,0,0,16
2016-03-16,MWH,52,8,59,33,152,94,28,122,274
2016-03-17,MWH,18,5,55,35,113,58,78,136,249
2015-03-18,MWH,17,11,74,25,127,62,70,132,259
2015-11-24,MWH,8,2,5,20,35,2,18,20,55
2015-11-23,MWH,8,2,3,6,19,0,0,0,19
2015-10-01,MWH,16,7,104,39,166,346,38,384,550
2016-07-02,MWH,0,0,8,1,9,0,0,0,9
2015-09-30,MWH,16,14,113,41,184,270,60,330,514
2016-07-03,MWH,0,0,1,0,1,0,0,0,1
2015-09-29,MWH,20,6,81,29,136,312,14,326,462
2016-07-04,MWH,0,0,11,0,11,2,0,2,13
2015-09-28,MWH,14,10,93,1,118,210,0,210,328
2016-07-05,MWH,15,4,70,4,93,170,2,172,265
2015-09-27,MWH,0,0,10,0,10,36,0,36,46
2016-07-06,MWH,44,25,96,20,185,184,50,234,419
2015-09-26,MWH,0,0,17,0,17,0,0,0,17
2016-07-07,MWH,25,6,99,35,165,138,56,194,359
2015-09-25,MWH,25,4,27,17,73,4,18,22,95
2016-07-08,MWH,39,5,70,47,161,125,60,185,346
2015-09-24,MWH,16,6,129,25,176,266,22,288,464
2016-07-09,MWH,25,2,23,5,55,2,14,16,71
2015-09-23,MWH,25,9,122,7,163,274,0,274,437
2016-07-01,MWH,43,6,36,10,95,0,0,0,95
2016-07-10,MWH,4,4,15,0,23,0,0,0,23
2015-10-02,MWH,8,7,36,23,74,2,24,26,100
2015-10-03,MWH,16,2,12,23,53,0,8,8,61
2016-06-21,MWH,80,9,31,14,134,0,30,30,164
2015-10-11,MWH,4,0,15,0,19,8,0,8,27
2016-06-22,MWH,23,31,25,28,107,0,36,36,143
2015-10-10,MWH,5,2,6,0,13,0,0,0,13
2016-06-23,MWH,32,42,17,17,108,0,8,8,116
2015-10-09,MWH,27,5,26,36,94,16,22,38,132
2016-06-24,MWH,33,13,7,9,62,6,0,6,68
2015-10-08,MWH,22,9,102,45,178,330,66,396,574
2016-06-25,MWH,34,1,11,0,46,0,0,0,46
2015-10-07,MWH,10,6,107,34,157,290,52,342,499
2016-06-26,MWH,17,0,8,2,27,4,0,4,31
2015-10-06,MWH,31,4,89,27,151,294,22,316,467
2016-06-27,MWH,24,7,21,24,76,4,46,50,126
2015-10-05,MWH,16,6,99,55,176,268,88,356,532
2016-06-28,MWH,27,10,15,27,79,10,64,74,153
2015-10-04,MWH,0,0,7,10,17,5,10,15,32
2016-06-29,MWH,31,8,13,32,84,2,38,40,124
2016-06-30,MWH,67,5,40,41,153,0,32,32,185
2015-10-12,MWH,8,5,104,0,117,276,0,276,393
2015-09-22,MWH,34,5,120,14,173,240,46,286,459
2015-09-21,MWH,16,11,102,8,137,191,4,195,332
2015-09-10,MWH,12,7,47,43,109,66,2,68,177
2016-07-23,MWH,12,1,12,0,25,34,2,36,61
2015-09-09,MWH,50,16,9,44,119,4,62,66,185
2016-07-24,MWH,4,1,15,0,20,18,0,18,38
2015-09-08,MWH,20,6,20,25,71,0,30,30,101
2016-07-25,MWH,25,4,76,17,122,152,40,192,314
2015-09-07,MWH,8,2,14,0,24,5,0,5,29
2016-07-26,MWH,14,6,74,9,103,90,22,112,215
2015-09-06,MWH,6,14,25,1,46,20,0,20,66
2016-07-27,MWH,20,6,76,14,116,142,32,174,290
2015-09-05,MWH,0,3,11,0,14,0,0,0,14
2016-07-28,MWH,26,4,91,43,164,144,38,182,346
2015-09-04,MWH,25,5,19,12,61,2,0,2,63
2016-07-29,MWH,35,7,78,16,136,158,16,174,310
2015-09-03,MWH,36,21,18,52,127,32,74,106,233
2016-07-30,MWH,11,8,25,0,44,0,0,0,44
2015-09-02,MWH,12,21,26,25,84,26,34,60,144
2016-07-22,MWH,19,10,35,4,68,92,0,92,160
2016-07-11,MWH,8,6,53,31,98,98,22,120,218
2015-09-11,MWH,24,5,27,10,66,2,6,8,74
2015-09-12,MWH,36,0,39,8,83,0,0,0,83
2016-07-12,MWH,75,5,95,28,203,173,18,191,394
2015-09-20,MWH,4,6,14,0,24,2,0,2,26
2016-07-13,MWH,54,12,67,18,151,152,30,182,333
2015-09-19,MWH,6,9,17,0,32,6,0,6,38
2016-07-14,MWH,34,7,97,27,165,122,70,192,357
2015-09-18,MWH,37,9,21,4,71,4,22,26,97
2016-07-15,MWH,29,6,54,4,93,126,12,138,231
2015-09-17,MWH,67,10,36,21,134,124,26,150,284
2016-07-16,MWH,10,2,2,2,16,0,0,0,16
2015-09-16,MWH,31,4,48,27,110,58,38,96,206
2016-07-17,MWH,0,0,17,9,26,8,10,18,44
2015-09-15,MWH,22,7,62,18,109,60,16,76,185
2016-07-18,MWH,16,5,47,60,128,110,76,186,314
2015-09-14,MWH,20,4,16,2,42,2,0,2,44
2016-07-19,MWH,6,5,76,26,113,104,56,160,273
2015-09-13,MWH,3,13,19,10,45,0,0,0,45
2016-07-20,MWH,29,7,63,28,127,164,30,194,321
2016-07-21,MWH,62,4,67,36,169,174,22,196,365
2016-05-09,MWH,16,6,39,3,64,42,12,54,118
2016-06-20,MWH,84,4,37,18,143,2,12,14,157
2016-06-19,MWH,6,0,32,0,38,0,0,0,38
2015-11-12,MWH,19,5,82,34,140,216,82,298,438
2016-05-21,MWH,28,0,16,0,44,2,0,2,46
2015-11-11,MWH,2,4,6,2,14,0,0,0,14
2016-05-22,MWH,16,0,18,0,34,10,0,10,44
2015-11-10,MWH,20,5,120,59,204,298,68,366,570
2016-05-23,MWH,32,5,97,42,176,62,86,148,324
2015-11-09,MWH,16,5,75,21,117,418,24,442,559
2016-05-24,MWH,41,6,51,26,124,0,0,0,124
2015-11-08,MWH,9,0,4,5,18,0,0,0,18
2016-05-25,MWH,13,13,97,34,157,136,30,166,323
2015-11-07,MWH,0,0,8,0,8,6,0,6,14
2016-05-26,MWH,14,4,57,24,99,92,12,104,203
2015-11-06,MWH,24,5,8,10,47,0,0,0,47
2016-05-27,MWH,4,4,26,2,36,20,0,20,56
2015-11-05,MWH,48,8,87,38,181,288,34,322,503
2016-05-28,MWH,2,0,17,2,21,12,0,12,33
2015-11-04,MWH,1,6,102,45,154,374,107,481,635
2016-05-20,MWH,38,4,31,0,73,6,0,6,79
2016-05-29,MWH,0,2,8,2,12,0,0,0,12
2015-11-13,MWH,0,9,11,45,65,0,36,36,101
2015-11-14,MWH,4,1,29,0,34,30,0,30,64
2016-05-10,MWH,25,4,126,23,178,196,68,264,442
2015-11-22,MWH,14,6,10,0,30,0,0,0,30
2016-05-11,MWH,29,9,124,24,186,158,40,198,384
2015-11-21,MWH,8,4,14,0,26,42,0,42,68
2016-05-12,MWH,27,6,134,34,201,150,54,204,405
2015-11-20,MWH,22,4,5,26,57,0,42,42,99
2016-05-13,MWH,24,4,17,42,87,2,56,58,145
2015-11-19,MWH,26,7,88,25,146,282,34,316,462
2016-05-14,MWH,4,1,9,0,14,0,0,0,14
2015-11-18,MWH,36,8,92,26,162,178,2,180,342
2016-05-15,MWH,9,0,6,3,18,0,0,0,18
2015-11-17,MWH,0,3,3,0,6,12,0,12,18
2016-05-16,MWH,35,4,90,23,152,150,20,170,322
2015-11-16,MWH,33,4,89,43,169,274,64,338,507
2016-05-17,MWH,24,6,83,36,149,96,12,108,257
2015-11-15,MWH,0,0,13,2,15,8,0,8,23
2016-05-18,MWH,62,9,73,27,171,182,28,210,381
2016-05-19,MWH,14,5,81,23,123,186,12,198,321
2015-10-13,MWH,8,12,80,44,144,276,50,326,470
2015-11-03,MWH,11,6,94,92,203,474,62,536,739
2015-11-02,MWH,18,17,120,60,215,292,120,412,627
2015-10-22,MWH,20,7,94,34,155,266,40,306,461
2016-06-11,MWH,4,0,29,7,40,40,10,50,90
2015-10-21,MWH,24,4,111,45,184,272,68,340,524
2016-06-12,MWH,4,0,11,0,15,32,0,32,47
2015-10-20,MWH,29,6,143,36,214,358,72,430,644
2016-06-13,MWH,2,12,8,21,43,10,38,48,91
2015-10-19,MWH,8,4,47,42,101,70,46,116,217
2016-06-14,MWH,11,4,12,54,81,16,64,80,161
2015-10-18,MWH,0,4,0,0,4,0,0,0,4
2016-06-15,MWH,39,7,26,72,144,24,72,96,240
2015-10-17,MWH,16,0,5,0,21,0,0,0,21
2016-06-16,MWH,24,6,7,19,56,12,26,38,94
2015-10-16,MWH,42,5,19,25,91,0,40,40,131
2016-06-17,MWH,24,5,27,37,93,12,34,46,139
2015-10-15,MWH,28,8,128,21,185,480,38,518,703
2016-06-18,MWH,42,3,28,1,74,6,0,6,80
2015-10-14,MWH,18,6,131,26,181,321,80,401,582
2016-06-10,MWH,25,7,24,6,62,36,0,36,98
2016-05-30,MWH,0,2,19,2,23,9,0,9,32
2015-10-23,MWH,4,4,4,48,60,0,48,48,108
2015-10-24,MWH,4,0,10,0,14,10,0,10,24
2016-05-31,MWH,7,4,96,42,149,181,64,245,394
2015-11-01,MWH,5,0,1,0,6,0,0,0,6
2016-06-01,MWH,20,8,89,20,137,190,38,228,365
2015-10-31,MWH,16,0,2,0,18,0,0,0,18
2016-06-02,MWH,15,10,56,26,107,106,22,128,235
2015-10-30,MWH,8,4,0,8,20,1,9,10,30
2016-06-03,MWH,8,4,22,15,49,8,18,26,75
2015-10-29,MWH,15,6,50,12,83,112,10,122,205
2016-06-04,MWH,12,0,24,6,42,6,0,6,48
2015-10-28,MWH,12,6,90,31,139,282,38,320,459
2016-06-05,MWH,30,0,13,0,43,2,0,2,45
2015-10-27,MWH,12,19,90,32,153,292,70,362,515
2016-06-06,MWH,7,4,78,49,138,168,20,188,326
2015-10-26,MWH,8,7,93,55,163,266,108,374,537
2016-06-07,MWH,31,6,67,32,136,110,22,132,268
2015-10-25,MWH,0,0,4,6,10,0,14,14,24
2016-06-08,MWH,28,4,31,35,98,90,54,144,242
2016-06-09,MWH,33,6,55,42,136,68,46,114,250
2014-04-16,MWH,17,12,86,43,158,106,88,194,352
2017-01-15,MWH,2,0,2,0,4,0,0,0,4
2017-01-16,MWH,2,11,3,0,16,0,0,0,16
2017-08-25,MWH,35,6,44,18,103,6,8,14,117
2014-08-07,MWH,26,24,105,34,189,171,80,251,440
2017-08-26,MWH,6,4,58,1,69,32,0,32,101
2014-08-06,MWH,53,31,148,30,262,110,80,190,452
2017-08-27,MWH,8,0,17,6,31,0,18,18,49
2014-08-05,MWH,21,17,172,29,239,200,6,206,445
2017-08-28,MWH,15,5,12,5,37,0,8,8,45
2014-08-08,MWH,78,46,59,8,191,28,30,58,249
2014-08-04,MWH,28,28,87,48,191,124,20,144,335
2014-08-03,MWH,18,21,22,4,65,0,0,0,65
2017-08-30,MWH,34,4,11,67,116,12,60,72,188
2014-08-02,MWH,7,0,17,0,24,8,0,8,32
2017-08-31,MWH,43,15,22,30,110,6,32,38,148
2014-08-01,MWH,27,12,95,54,188,180,52,232,420
2017-09-01,MWH,36,13,28,2,79,6,0,6,85
2014-07-31,MWH,18,4,96,26,144,170,31,201,345
2017-08-29,MWH,30,9,14,24,77,6,26,32,109
2017-08-24,MWH,21,5,16,14,56,0,20,20,76
2014-08-09,MWH,30,22,22,6,80,8,0,8,88
2017-08-23,MWH,2,8,13,21,44,10,22,32,76
2014-08-18,MWH,0,4,27,57,88,31,84,115,203
2017-08-15,MWH,33,5,32,17,87,30,34,64,151
2014-08-17,MWH,15,0,17,1,33,0,0,0,33
2017-08-16,MWH,12,4,27,24,67,22,16,38,105
2014-08-16,MWH,14,1,10,4,29,0,14,14,43
2017-08-17,MWH,17,20,13,9,59,0,18,18,77
2014-08-15,MWH,16,6,16,25,63,4,38,42,105
2017-08-18,MWH,21,8,21,7,57,1,0,1,58
2014-08-14,MWH,21,4,15,31,71,0,44,44,115
2017-08-19,MWH,15,4,22,5,46,0,0,0,46
2014-08-13,MWH,12,4,19,61,96,18,136,154,250
2017-08-20,MWH,26,1,37,9,73,4,26,30,103
2014-08-12,MWH,28,26,18,9,81,0,2,2,83
2017-08-21,MWH,28,4,15,27,74,4,30,34,108
2014-08-11,MWH,30,24,24,47,125,0,14,14,139
2017-08-22,MWH,21,7,15,43,86,14,28,42,128
2014-08-10,MWH,44,33,23,16,116,8,4,12,128
2017-09-02,MWH,26,27,17,5,75,16,0,16,91
2014-07-30,MWH,13,29,128,48,218,154,40,194,412
2017-09-03,MWH,43,30,16,16,105,30,0,30,135
2014-07-29,MWH,4,22,115,17,158,208,14,222,380
2014-07-18,MWH,6,25,129,24,184,296,8,304,488
2017-09-15,MWH,19,10,40,2,71,0,0,0,71
2014-07-17,MWH,8,30,108,30,176,144,6,150,326
2017-09-16,MWH,16,8,50,6,80,18,0,18,98
2014-07-16,MWH,46,16,122,33,217,252,56,308,525
2017-09-17,MWH,29,0,21,0,50,0,0,0,50
2014-07-15,MWH,21,15,144,16,196,190,14,204,400
2017-09-18,MWH,12,8,68,45,133,110,30,140,273
2014-07-14,MWH,12,7,62,13,94,276,2,278,372
2017-09-19,MWH,43,4,126,23,196,162,26,188,384
2014-07-13,MWH,22,2,45,9,78,0,68,68,146
2017-09-20,MWH,41,14,103,37,195,206,18,224,419
2014-07-12,MWH,29,8,52,2,91,4,0,4,95
2017-09-21,MWH,11,14,96,20,141,232,50,282,423
2014-07-11,MWH,41,13,148,11,213,160,22,182,395
2017-09-22,MWH,25,13,28,14,80,2,14,16,96
2014-07-10,MWH,15,15,141,21,192,138,28,166,358
2017-09-14,MWH,9,5,59,23,96,56,24,80,176
2017-08-14,MWH,52,4,29,46,131,0,40,40,171
2014-07-19,MWH,21,13,77,12,123,0,0,0,123
2014-07-20,MWH,12,12,44,0,68,0,0,0,68
2017-09-04,MWH,7,12,23,7,49,2,0,2,51
2014-07-28,MWH,6,8,85,26,125,162,32,194,319
2017-09-05,MWH,8,5,11,5,29,0,0,0,29
2014-07-27,MWH,6,2,16,0,24,4,0,4,28
2017-09-06,MWH,10,6,7,9,32,0,0,0,32
2014-07-26,MWH,5,4,3,6,18,0,6,6,24
2017-09-07,MWH,4,18,4,9,35,0,0,0,35
2014-07-25,MWH,36,8,120,30,194,156,102,258,452
2017-09-08,MWH,23,5,11,38,77,10,2,12,89
2014-07-24,MWH,29,7,111,9,156,158,22,180,336
2017-09-09,MWH,64,1,33,0,98,22,0,22,120
2014-07-23,MWH,32,4,134,15,185,212,8,220,405
2017-09-10,MWH,16,1,24,0,41,36,0,36,77
2014-07-22,MWH,7,8,102,18,135,196,38,234,369
2017-09-11,MWH,16,6,31,22,75,12,12,24,99
2014-07-21,MWH,9,39,126,18,192,118,14,132,324
2017-09-12,MWH,27,8,66,28,129,93,18,111,240
2017-09-13,MWH,39,8,65,29,141,14,38,52,193
2014-08-19,MWH,32,9,14,5,60,0,4,4,64
2017-08-13,MWH,7,1,7,15,30,10,26,36,66
2014-08-20,MWH,26,7,22,68,123,0,80,80,203
2017-07-14,MWH,29,6,121,31,187,168,38,206,393
2014-09-18,MWH,33,6,68,46,153,92,22,114,267
2017-07-15,MWH,27,6,23,2,58,10,0,10,68
2014-09-17,MWH,32,4,65,47,148,26,74,100,248
2017-07-16,MWH,41,3,12,4,60,2,0,2,62
2014-09-16,MWH,26,13,66,19,124,59,66,125,249
2017-07-17,MWH,55,10,99,22,186,298,78,376,562
2014-09-15,MWH,18,6,14,28,66,22,72,94,160
2017-07-18,MWH,41,6,103,31,181,182,94,276,457
2014-09-14,MWH,14,3,5,9,31,0,0,0,31
2017-07-19,MWH,28,15,110,45,198,146,58,204,402
2014-09-13,MWH,6,2,16,0,24,14,0,14,38
2017-07-20,MWH,27,8,78,31,144,116,60,176,320
2014-09-12,MWH,39,6,19,27,91,0,62,62,153
2017-07-21,MWH,90,15,73,25,203,100,12,112,315
2014-09-11,MWH,33,5,28,29,95,8,80,88,183
2017-07-22,MWH,15,2,20,12,49,10,48,58,107
2014-09-19,MWH,4,4,29,22,59,4,72,76,135
2014-09-10,MWH,16,8,49,34,107,14,74,88,195
2017-07-13,MWH,19,14,88,7,128,94,18,112,240
2017-07-12,MWH,35,11,102,50,198,216,98,314,512
2014-09-29,MWH,67,4,145,47,263,148,28,176,439
2017-07-04,MWH,0,0,16,0,16,1,0,1,17
2014-09-28,MWH,0,0,3,0,3,0,0,0,3
2017-07-05,MWH,13,15,100,48,176,140,86,226,402
2014-09-27,MWH,9,2,10,0,21,4,0,4,25
2017-07-06,MWH,30,15,92,44,181,217,74,291,472
2014-09-26,MWH,34,6,11,36,87,0,60,60,147
2017-07-07,MWH,2,4,74,4,84,116,0,116,200
2014-09-25,MWH,16,6,115,42,179,172,54,226,405
2017-07-08,MWH,15,1,20,1,37,6,0,6,43
2014-09-24,MWH,7,5,136,35,183,208,32,240,423
2017-07-09,MWH,4,4,17,1,26,18,0,18,44
2014-09-23,MWH,34,5,106,0,145,244,0,244,389
2017-07-10,MWH,12,5,77,47,141,164,62,226,367
2014-09-22,MWH,15,11,70,12,108,100,14,114,222
2017-07-11,MWH,65,5,106,25,201,194,18,212,413
2014-09-21,MWH,49,2,11,13,75,0,6,6,81
2014-09-20,MWH,24,1,37,24,86,10,40,50,136
2017-09-23,MWH,10,0,30,0,40,30,0,30,70
2017-07-23,MWH,14,2,14,0,30,0,0,0,30
2017-07-24,MWH,12,19,93,15,139,182,14,196,335
2017-08-04,MWH,36,9,29,6,80,32,0,32,112
2014-08-28,MWH,4,6,21,69,100,16,104,120,220
2017-08-05,MWH,16,6,38,64,124,18,18,36,160
2014-08-27,MWH,4,5,18,34,61,0,32,32,93
2017-08-06,MWH,6,2,17,36,61,6,14,20,81
2014-08-26,MWH,28,4,11,54,97,7,46,53,150
2017-08-07,MWH,45,5,22,26,98,10,0,10,108
2014-08-25,MWH,15,6,10,53,84,8,66,74,158
2017-08-08,MWH,16,4,24,30,74,6,26,32,106
2014-08-24,MWH,45,10,12,0,67,0,0,0,67
2017-08-09,MWH,36,5,38,53,132,13,6,19,151
2014-08-23,MWH,4,2,19,8,33,2,24,26,59
2017-08-10,MWH,17,11,35,40,103,4,2,6,109
2014-08-22,MWH,29,4,8,25,66,0,16,16,82
2017-08-11,MWH,25,5,29,25,84,0,8,8,92
2014-08-21,MWH,35,5,6,45,91,2,118,120,211
2017-08-12,MWH,21,4,16,13,54,8,0,8,62
2014-08-29,MWH,21,9,26,26,82,32,50,82,164
2014-09-09,MWH,14,8,31,18,71,0,8,8,79
2017-08-03,MWH,18,15,65,74,172,216,24,240,412
2017-08-02,MWH,14,5,40,68,127,86,24,110,237
2014-09-08,MWH,21,6,34,29,90,3,56,59,149
2017-07-25,MWH,29,6,106,27,168,130,38,168,336
2014-09-07,MWH,0,0,15,1,16,0,6,6,22
2017-07-26,MWH,52,10,128,25,215,140,40,180,395
2014-09-06,MWH,4,4,9,16,33,0,16,16,49
2017-07-27,MWH,10,10,92,43,155,140,30,170,325
2014-09-05,MWH,13,11,13,61,98,0,78,78,176
2017-07-28,MWH,17,6,95,21,139,132,12,144,283
2014-09-04,MWH,38,4,21,52,115,0,88,88,203
2017-07-29,MWH,6,3,31,2,42,50,0,50,92
2014-09-03,MWH,20,4,16,37,77,0,42,42,119
2017-07-30,MWH,2,1,12,6,21,20,0,20,41
2014-09-02,MWH,4,9,9,12,34,0,8,8,42
2017-07-31,MWH,10,6,99,0,115,250,0,250,365
2014-09-01,MWH,0,1,19,3,23,28,0,28,51
2017-08-01,MWH,52,6,71,18,147,168,6,174,321
2014-08-31,MWH,0,4,16,0,20,26,0,26,46
2014-08-30,MWH,17,2,7,0,26,10,0,10,36
2014-07-09,MWH,20,11,150,30,211,120,44,164,375
2017-09-24,MWH,6,0,29,0,35,32,0,32,67
2014-07-08,MWH,28,20,146,40,234,196,56,252,486
2014-05-16,MWH,45,4,22,19,90,0,14,14,104
2017-11-17,MWH,97,4,19,10,130,20,10,30,160
2014-05-15,MWH,49,4,90,41,184,160,54,214,398
2017-11-18,MWH,4,0,26,3,33,32,0,32,65
2014-05-14,MWH,58,4,120,25,207,144,30,174,381
2017-11-19,MWH,58,3,11,0,72,0,0,0,72
2014-05-13,MWH,8,6,108,6,128,212,0,212,340
2017-11-20,MWH,32,2,12,22,68,6,20,26,94
2014-05-12,MWH,49,8,90,48,195,130,108,238,433
2017-11-21,MWH,13,7,4,53,77,0,8,8,85
2014-05-11,MWH,14,4,11,0,29,0,0,0,29
2017-11-22,MWH,10,4,10,0,24,0,0,0,24
2014-05-10,MWH,21,2,18,0,41,6,0,6,47
2017-11-23,MWH,0,0,0,0,0,0,0,0,0
2014-05-09,MWH,34,12,34,44,124,10,20,30,154
2017-11-24,MWH,8,4,8,0,20,10,0,10,30
2014-05-08,MWH,16,7,78,36,137,72,22,94,231
2017-11-16,MWH,37,4,96,20,157,282,16,298,455
2017-11-25,MWH,16,0,18,0,34,6,0,6,40
2014-05-17,MWH,8,4,17,10,39,0,48,48,87
2014-05-18,MWH,11,2,7,0,20,4,0,4,24
2017-11-06,MWH,25,10,81,2,118,452,0,452,570
2014-05-26,MWH,0,0,6,0,6,0,0,0,6
2017-11-07,MWH,14,4,86,5,109,524,0,524,633
2014-05-25,MWH,5,2,9,0,16,0,0,0,16
2017-11-08,MWH,22,4,88,38,152,440,30,470,622
2014-05-24,MWH,0,7,4,0,11,4,0,4,15
2017-11-09,MWH,20,7,14,30,71,68,0,68,139
2014-05-23,MWH,16,10,21,8,55,24,34,58,113
2017-11-10,MWH,30,13,19,0,62,0,0,0,62
2014-05-22,MWH,23,4,111,10,148,156,12,168,316
2017-11-11,MWH,14,2,13,0,29,0,0,0,29
2014-05-21,MWH,20,12,116,28,176,254,48,302,478
2017-11-12,MWH,6,1,7,0,14,0,0,0,14
2014-05-20,MWH,41,6,106,31,184,122,4,126,310
2017-11-13,MWH,41,6,43,19,109,142,18,160,269
2014-05-19,MWH,20,5,92,26,143,254,44,298,441
2017-11-14,MWH,85,6,93,22,206,342,9,351,557
2017-11-15,MWH,14,4,75,11,104,384,24,408,512
2014-05-27,MWH,23,9,104,4,140,182,0,182,322
2014-05-07,MWH,66,6,105,54,231,88,102,190,421
2014-05-06,MWH,13,6,118,32,169,200,58,258,427
2014-04-25,MWH,123,4,23,20,170,85,42,127,297
2017-12-08,MWH,20,5,6,0,31,0,0,0,31
2014-04-24,MWH,41,8,50,22,121,119,24,143,264
2017-12-09,MWH,23,3,10,0,36,4,0,4,40
2014-04-23,MWH,49,6,74,22,151,152,46,198,349
2017-12-10,MWH,12,1,7,11,31,16,34,50,81
2014-04-22,MWH,4,4,102,30,140,144,50,194,334
2017-12-11,MWH,22,8,4,2,36,0,0,0,36
2014-04-21,MWH,44,8,81,26,159,206,126,332,491
2017-12-12,MWH,33,4,3,4,44,0,0,0,44
2014-04-20,MWH,10,0,4,0,14,4,4,8,22
2017-12-13,MWH,106,10,30,19,165,0,6,6,171
2014-04-19,MWH,11,2,14,0,27,6,0,6,33
2017-12-14,MWH,37,12,13,27,89,14,16,30,119
2014-04-18,MWH,7,3,9,20,39,0,0,0,39
2017-12-15,MWH,8,6,6,0,20,0,0,0,20
2014-04-17,MWH,21,6,97,14,138,179,50,229,367
2017-12-07,MWH,73,3,9,12,97,7,22,29,126
2017-11-26,MWH,11,2,2,0,15,0,0,0,15
2014-04-26,MWH,4,4,13,2,23,18,1,19,42
2014-04-27,MWH,2,0,0,0,2,0,0,0,2
2017-11-27,MWH,78,2,95,28,203,406,36,442,645
2014-05-05,MWH,26,7,119,59,211,184,178,362,573
2017-11-28,MWH,82,10,78,33,203,344,30,374,577
2014-05-04,MWH,4,0,9,0,13,0,0,0,13
2017-11-29,MWH,36,4,121,29,190,318,22,340,530
2014-05-03,MWH,4,4,14,2,24,0,0,0,24
2017-11-30,MWH,111,8,78,9,206,192,9,201,407
2014-05-02,MWH,34,4,18,0,56,16,0,16,72
2017-12-01,MWH,36,4,8,1,49,0,0,0,49
2014-05-01,MWH,17,4,121,34,176,125,84,209,385
2017-12-02,MWH,4,4,3,2,13,0,0,0,13
2014-04-30,MWH,49,6,119,31,205,178,78,256,461
2017-12-03,MWH,25,3,35,0,63,0,0,0,63
2014-04-29,MWH,24,3,123,29,179,142,96,238,417
2017-12-04,MWH,83,4,67,28,182,242,58,300,482
2014-04-28,MWH,89,3,116,40,248,192,128,320,568
2017-12-05,MWH,42,9,59,1,111,280,0,280,391
2017-12-06,MWH,55,12,57,26,150,134,0,134,284
2017-07-03,MWH,3,97,116,3,219,156,0,156,375
2017-11-05,MWH,0,0,6,0,6,0,0,0,6
2017-11-04,MWH,4,1,21,7,33,8,0,8,41
2014-06-27,MWH,7,5,13,37,62,0,46,46,108
2017-10-06,MWH,31,10,33,9,83,0,34,34,117
2014-06-26,MWH,18,10,9,29,66,0,80,80,146
2017-10-07,MWH,6,3,6,0,15,0,0,0,15
2014-06-25,MWH,90,4,25,31,150,3,52,55,205
2017-10-08,MWH,4,0,19,0,23,4,0,4,27
2014-06-24,MWH,27,6,7,35,75,0,36,36,111
2017-10-09,MWH,4,4,95,1,104,338,0,338,442
2014-06-23,MWH,43,7,10,15,75,0,74,74,149
2017-10-10,MWH,31,4,92,26,153,350,74,424,577
2014-06-22,MWH,40,1,11,3,55,2,0,2,57
2017-10-11,MWH,38,16,79,64,197,270,48,318,515
2014-06-21,MWH,45,5,19,6,75,3,8,11,86
2017-10-12,MWH,58,10,87,47,202,294,46,340,542
2014-06-20,MWH,22,6,4,47,79,0,24,24,103
2017-10-13,MWH,9,5,29,27,70,8,0,8,78
2014-06-19,MWH,40,4,17,31,92,39,68,107,199
2017-10-05,MWH,29,10,120,15,174,288,29,317,491
2017-10-14,MWH,24,1,29,1,55,12,0,12,67
2014-06-28,MWH,5,6,12,1,24,0,0,0,24
2014-06-29,MWH,0,2,17,1,20,0,0,0,20
2017-09-25,MWH,18,6,110,21,155,230,34,264,419
2014-07-07,MWH,15,5,79,64,163,204,120,324,487
2017-09-26,MWH,22,6,107,12,147,266,0,266,413
2014-07-06,MWH,4,0,20,0,24,34,0,34,58
2017-09-27,MWH,11,5,107,2,125,197,0,197,322
2014-07-05,MWH,0,3,29,0,32,20,0,20,52
2017-09-28,MWH,20,5,116,20,161,205,16,221,382
2014-07-04,MWH,0,11,10,1,22,0,0,0,22
2017-09-29,MWH,2,11,44,1,58,38,2,40,98
2014-07-03,MWH,14,9,103,0,126,236,0,236,362
2017-09-30,MWH,2,2,7,25,36,16,20,36,72
2014-07-02,MWH,63,4,87,23,177,132,20,152,329
2017-10-01,MWH,8,0,8,1,17,0,0,0,17
2014-07-01,MWH,41,6,81,42,170,156,26,182,352
2017-10-02,MWH,0,8,108,30,146,262,3,265,411
2014-06-30,MWH,17,4,44,37,102,52,66,118,220
2017-10-03,MWH,11,7,120,21,159,190,20,210,369
2017-10-04,MWH,21,5,92,28,146,271,54,325,471
2014-05-28,MWH,23,6,91,4,124,130,0,130,254
2014-06-18,MWH,91,4,15,47,157,12,106,118,275
2014-06-17,MWH,90,25,9,24,148,24,40,64,212
2014-06-06,MWH,4,6,23,18,51,38,36,74,125
2017-10-27,MWH,11,4,41,1,57,13,0,13,70
2014-06-05,MWH,12,6,75,6,99,200,10,210,309
2017-10-28,MWH,10,7,25,5,47,22,30,52,99
2014-06-04,MWH,0,10,112,27,149,192,112,304,453
2017-10-29,MWH,15,0,21,0,36,8,0,8,44
2014-06-03,MWH,21,18,142,17,198,208,16,224,422
2017-10-30,MWH,37,6,94,28,165,324,18,342,507
2014-06-02,MWH,30,8,95,38,171,152,54,206,377
2017-10-31,MWH,18,16,83,9,126,324,12,336,462
2014-06-01,MWH,4,0,5,0,9,0,0,0,9
2017-11-01,MWH,11,8,76,45,140,308,58,366,506
2014-05-31,MWH,0,4,10,0,14,0,0,0,14
2017-11-02,MWH,14,15,61,44,134,304,43,347,481
2014-05-30,MWH,13,7,14,6,40,2,2,4,44
2017-11-03,MWH,5,7,21,51,84,0,0,0,84
2014-05-29,MWH,60,7,97,5,169,132,22,154,323
2017-10-26,MWH,25,12,107,17,161,435,50,485,646
2017-10-15,MWH,18,0,24,0,42,0,0,0,42
2014-06-07,MWH,4,2,25,7,38,15,16,31,69
2014-06-08,MWH,6,0,6,4,16,4,10,14,30
2017-10-16,MWH,6,7,111,39,163,352,50,402,565
2014-06-16,MWH,20,4,14,18,56,30,38,68,124
2017-10-17,MWH,30,7,76,10,123,252,14,266,389
2014-06-15,MWH,8,2,8,0,18,0,0,0,18
2017-10-18,MWH,17,7,90,31,145,460,34,494,639
2014-06-14,MWH,18,3,11,0,32,30,0,30,62
2017-10-19,MWH,24,6,83,18,131,493,34,527,658
2014-06-13,MWH,41,7,28,14,90,18,20,38,128
2017-10-20,MWH,4,4,29,8,45,12,10,22,67
2014-06-12,MWH,42,14,81,9,146,100,10,110,256
2017-10-21,MWH,0,0,0,0,0,0,0,0,0
2014-06-11,MWH,45,10,117,27,199,218,58,276,475
2017-10-22,MWH,4,0,12,0,16,0,0,0,16
2014-06-10,MWH,23,6,73,8,110,98,10,108,218
2017-10-23,MWH,14,4,99,8,125,408,0,408,533
2014-06-09,MWH,26,4,74,6,110,196,6,202,312
2017-10-24,MWH,2,6,122,32,162,434,84,518,680
2017-10-25,MWH,16,4,62,69,151,240,82,322,473
2014-09-30,MWH,8,14,83,46,151,142,84,226,377
2017-07-02,MWH,6,45,36,12,99,4,0,4,103
2014-10-01,MWH,23,4,96,15,138,119,36,155,293
2017-03-10,MWH,23,6,9,4,42,0,0,0,42
2015-01-22,MWH,17,11,7,18,53,1,0,1,54
2017-03-11,MWH,10,0,0,0,10,0,0,0,10
2015-01-21,MWH,24,8,13,26,71,0,0,0,71
2017-03-12,MWH,12,0,20,0,32,20,0,20,52
2015-01-20,MWH,22,18,102,28,170,160,34,194,364
2017-03-13,MWH,10,20,71,43,144,306,63,369,513
2015-01-19,MWH,25,3,12,1,41,36,0,36,77
2017-03-14,MWH,2,3,25,8,38,64,0,64,102
2015-01-18,MWH,0,0,6,0,6,0,0,0,6
2017-03-15,MWH,3,8,50,25,86,170,36,206,292
2015-01-17,MWH,6,3,1,0,10,0,0,0,10
2017-03-16,MWH,24,6,88,21,139,108,26,134,273
2015-01-16,MWH,0,1,2,0,3,0,0,0,3
2017-03-17,MWH,26,6,16,15,63,7,8,15,78
2015-01-15,MWH,15,8,28,25,76,76,0,76,152
2017-03-18,MWH,0,2,0,2,4,0,0,0,4
2015-01-23,MWH,2,10,16,20,48,0,0,0,48
2015-01-14,MWH,9,4,75,22,110,242,18,260,370
2017-03-09,MWH,15,14,6,12,47,0,0,0,47
2017-03-08,MWH,29,6,107,41,183,80,58,138,321
2015-02-02,MWH,2,6,4,0,12,0,0,0,12
2017-02-28,MWH,5,6,111,53,175,280,25,305,480
2015-02-01,MWH,0,0,0,0,0,0,0,0,0
2017-03-01,MWH,5,4,71,42,122,204,24,228,350
2015-01-31,MWH,5,0,5,0,10,0,0,0,10
2017-03-02,MWH,30,8,110,51,199,312,25,337,536
2015-01-30,MWH,10,11,13,43,77,32,0,32,109
2017-03-03,MWH,25,5,31,19,80,2,22,24,104
2015-01-29,MWH,15,8,55,31,109,386,6,392,501
2017-03-04,MWH,58,0,22,3,83,14,12,26,109
2015-01-28,MWH,9,4,30,19,62,0,0,0,62
2017-03-05,MWH,6,9,7,3,25,8,0,8,33
2015-01-27,MWH,5,4,7,14,30,0,0,0,30
2017-03-06,MWH,29,10,72,43,154,210,88,298,452
2015-01-26,MWH,27,6,97,31,161,140,57,197,358
2017-03-07,MWH,16,5,21,2,44,76,0,76,120
2015-01-25,MWH,9,0,11,0,20,0,0,0,20
2015-01-24,MWH,4,0,1,2,7,0,0,0,7
2017-02-27,MWH,34,4,85,23,146,398,18,416,562
2017-03-19,MWH,4,0,17,1,22,10,0,10,32
2017-03-20,MWH,17,7,53,22,99,122,20,142,241
2017-03-31,MWH,37,8,44,11,100,42,20,62,162
2015-01-01,MWH,0,0,2,1,3,0,0,0,3
2017-04-01,MWH,100,0,21,29,150,2,48,50,200
2014-12-31,MWH,0,5,11,15,31,0,25,25,56
2017-04-02,MWH,5,3,18,13,39,16,8,24,63
2014-12-30,MWH,0,2,8,20,30,0,28,28,58
2017-04-03,MWH,25,6,113,21,165,354,24,378,543
2014-12-29,MWH,1,4,0,19,24,0,26,26,50
2017-04-04,MWH,8,8,107,17,140,217,14,231,371
2014-12-28,MWH,0,0,0,0,0,2,0,2,2
2017-04-05,MWH,8,10,120,54,192,270,139,409,601
2014-12-27,MWH,0,0,0,0,0,0,0,0,0
2017-04-06,MWH,24,6,85,18,133,172,12,184,317
2014-12-26,MWH,0,6,12,2,20,8,2,10,30
2017-04-07,MWH,8,7,10,8,33,8,30,38,71
2014-12-25,MWH,0,1,2,0,3,6,0,6,9
2017-04-08,MWH,0,0,21,2,23,0,0,0,23
2015-01-02,MWH,2,3,6,0,11,0,0,0,11
2015-01-13,MWH,5,4,20,16,45,96,0,96,141
2017-03-30,MWH,7,6,23,9,45,0,8,8,53
2017-03-29,MWH,17,8,7,33,65,0,38,38,103
2015-01-12,MWH,27,7,121,50,205,156,68,224,429
2017-03-21,MWH,19,7,26,6,58,51,0,51,109
2015-01-11,MWH,9,0,14,0,23,0,0,0,23
2017-03-22,MWH,4,4,16,16,40,0,8,8,48
2015-01-10,MWH,4,0,1,2,7,0,0,0,7
2017-03-23,MWH,12,10,40,14,76,16,13,29,105
2015-01-09,MWH,3,10,25,23,61,20,4,24,85
2017-03-24,MWH,18,5,4,42,69,0,0,0,69
2015-01-08,MWH,17,11,8,18,54,0,0,0,54
2017-03-25,MWH,14,0,13,7,34,6,34,40,74
2015-01-07,MWH,12,7,79,60,158,166,62,228,386
2017-03-26,MWH,4,0,6,0,10,12,0,12,22
2015-01-06,MWH,24,9,99,35,167,114,97,211,378
2017-03-27,MWH,26,5,8,41,80,0,96,96,176
2015-01-05,MWH,0,15,6,28,49,0,18,18,67
2017-03-28,MWH,24,14,11,24,73,16,46,62,135
2015-01-04,MWH,0,1,4,0,5,0,0,0,5
2015-01-03,MWH,0,0,13,0,13,7,0,7,20
2014-12-24,MWH,0,11,7,4,22,2,0,2,24
2015-02-03,MWH,16,5,114,74,209,212,5,217,426
2015-02-04,MWH,8,4,13,2,27,6,0,6,33
2017-01-27,MWH,17,6,30,0,53,0,0,0,53
2015-03-05,MWH,49,6,80,26,161,116,28,144,305
2017-01-28,MWH,7,4,2,6,19,0,0,0,19
2015-03-04,MWH,22,6,94,47,169,116,86,202,371
2017-01-29,MWH,3,0,2,4,9,0,0,0,9
2015-03-03,MWH,18,4,109,21,152,64,10,74,226
2017-01-30,MWH,6,5,12,7,30,51,0,51,81
2015-03-02,MWH,13,4,76,23,116,192,24,216,332
2017-01-31,MWH,19,6,27,3,55,64,0,64,119
2015-03-01,MWH,0,0,6,0,6,0,0,0,6
2017-02-01,MWH,3,5,100,18,126,162,10,172,298
2015-02-28,MWH,0,0,22,0,22,8,0,8,30
2017-02-02,MWH,40,4,104,16,164,168,6,174,338
2015-02-27,MWH,30,4,16,21,71,12,36,48,119
2017-02-03,MWH,20,5,23,2,50,0,0,0,50
2015-02-26,MWH,18,9,115,41,183,172,38,210,393
2017-02-04,MWH,2,0,0,0,2,0,0,0,2
2015-03-06,MWH,14,8,23,41,86,16,38,54,140
2015-02-25,MWH,8,14,105,9,136,146,14,160,296
2017-01-26,MWH,15,4,26,10,55,0,0,0,55
2017-01-25,MWH,38,8,17,4,67,0,0,0,67
2015-03-16,MWH,9,4,94,33,140,146,32,178,318
2017-01-17,MWH,10,5,8,0,23,0,0,0,23
2015-03-15,MWH,0,0,0,0,0,0,0,0,0
2017-01-18,MWH,15,0,12,7,34,0,0,0,34
2015-03-14,MWH,4,6,7,0,17,5,0,5,22
2017-01-19,MWH,2,0,0,0,2,0,0,0,2
2015-03-13,MWH,23,8,62,9,102,16,12,28,130
2017-01-20,MWH,14,2,20,0,36,0,0,0,36
2015-03-12,MWH,11,4,103,23,141,148,36,184,325
2017-01-21,MWH,8,0,7,0,15,0,0,0,15
2015-03-11,MWH,30,8,85,35,158,86,66,152,310
2017-01-22,MWH,0,0,0,0,0,0,0,0,0
2015-03-10,MWH,24,6,111,32,173,174,90,264,437
2017-01-23,MWH,13,6,7,2,28,0,0,0,28
2015-03-09,MWH,20,6,132,34,192,174,48,222,414
2017-01-24,MWH,16,4,15,0,35,0,0,0,35
2015-03-08,MWH,11,0,15,0,26,14,0,14,40
2015-03-07,MWH,16,0,21,9,46,0,4,4,50
2017-02-26,MWH,2,0,5,0,7,0,0,0,7
2017-02-05,MWH,0,0,0,0,0,0,0,0,0
2017-02-06,MWH,2,4,12,2,20,0,0,0,20
2017-02-17,MWH,6,5,50,25,86,43,32,75,161
2015-02-12,MWH,29,8,143,46,226,250,48,298,524
2017-02-18,MWH,6,2,0,0,8,0,0,0,8
2015-02-11,MWH,28,5,127,20,180,126,14,140,320
2017-02-19,MWH,0,0,0,0,0,0,0,0,0
2015-02-10,MWH,37,7,102,23,169,226,34,260,429
2017-02-20,MWH,10,9,19,3,41,0,0,0,41
2015-02-09,MWH,6,6,133,51,196,264,48,312,508
2017-02-21,MWH,33,8,53,19,113,84,6,90,203
2015-02-08,MWH,7,0,13,11,31,2,30,32,63
2017-02-22,MWH,24,8,60,26,118,178,16,194,312
2015-02-07,MWH,17,0,7,8,32,20,2,22,54
2017-02-23,MWH,55,6,88,29,178,238,22,260,438
2015-02-06,MWH,17,4,15,21,57,0,36,36,93
2017-02-24,MWH,45,4,21,15,85,8,24,32,117
2015-02-05,MWH,11,4,9,19,43,0,6,6,49
2017-02-25,MWH,4,0,26,0,30,4,0,4,34
2015-02-13,MWH,28,4,29,42,103,28,90,118,221
2015-02-24,MWH,15,5,130,22,172,144,60,204,376
2017-02-16,MWH,20,6,37,2,65,0,0,0,65
2017-02-15,MWH,10,4,32,0,46,0,0,0,46
2015-02-23,MWH,40,6,120,29,195,224,28,252,447
2017-02-07,MWH,17,8,89,18,132,114,18,132,264
2015-02-22,MWH,12,0,12,0,24,6,0,6,30
2017-02-08,MWH,5,10,25,0,40,0,0,0,40
2015-02-21,MWH,12,2,9,10,33,4,4,8,41
2017-02-09,MWH,4,13,23,12,52,0,0,0,52
2015-02-20,MWH,6,6,27,27,66,21,58,79,145
2017-02-10,MWH,14,8,38,0,60,6,0,6,66
2015-02-19,MWH,24,6,98,30,158,322,16,338,496
2017-02-11,MWH,17,0,10,0,27,6,0,6,33
2015-02-18,MWH,20,4,151,18,193,190,4,194,387
2017-02-12,MWH,0,0,15,26,41,0,52,52,93
2015-02-17,MWH,12,11,139,36,198,180,48,228,426
2017-02-13,MWH,23,4,114,22,163,301,34,335,498
2015-02-16,MWH,8,7,20,0,35,0,0,0,35
2017-02-14,MWH,16,4,16,4,40,0,0,0,40
2015-02-15,MWH,18,4,9,0,31,2,0,2,33
2015-02-14,MWH,22,0,4,0,26,0,0,0,26
2015-03-17,MWH,38,4,73,11,126,166,16,182,308
2017-04-09,MWH,9,0,31,10,50,41,0,41,91
2017-04-10,MWH,13,4,71,12,100,150,12,162,262
2017-06-02,MWH,10,11,49,19,89,2,10,12,101
2014-10-30,MWH,32,4,109,28,173,398,34,432,605
2017-06-03,MWH,60,0,19,1,80,24,0,24,104
2014-10-29,MWH,14,15,39,2,70,36,10,46,116
2017-06-04,MWH,4,0,14,5,23,16,0,16,39
2014-10-28,MWH,39,4,95,31,169,328,46,374,543
2017-06-05,MWH,6,6,81,38,131,87,84,171,302
2014-10-27,MWH,15,7,131,32,185,277,64,341,526
2017-06-06,MWH,45,8,91,35,179,108,69,177,356
2014-10-26,MWH,0,0,18,0,18,12,0,12,30
2017-06-07,MWH,51,7,79,6,143,82,14,96,239
2014-10-25,MWH,4,0,10,9,23,0,30,30,53
2017-06-08,MWH,51,4,40,20,115,110,8,118,233
2014-10-24,MWH,8,4,32,73,117,12,80,92,209
2017-06-09,MWH,8,2,21,11,42,23,24,47,89
2014-10-23,MWH,15,5,106,58,184,346,86,432,616
2017-06-10,MWH,2,0,11,0,13,0,0,0,13
2014-10-31,MWH,10,5,11,14,40,0,0,0,40
2014-10-22,MWH,4,9,114,55,182,238,79,317,499
2017-06-01,MWH,18,7,64,66,155,66,112,178,333
2017-05-31,MWH,36,5,117,35,193,100,68,168,361
2014-11-10,MWH,12,22,143,37,214,348,100,448,662
2017-05-23,MWH,15,12,85,21,133,230,106,336,469
2014-11-09,MWH,0,2,3,0,5,0,0,0,5
2017-05-24,MWH,24,5,23,37,89,22,38,60,149
2014-11-08,MWH,0,2,6,10,18,20,12,32,50
2017-05-25,MWH,13,6,82,44,145,186,24,210,355
2014-11-07,MWH,8,4,12,46,70,28,56,84,154
2017-05-26,MWH,42,8,39,22,111,14,44,58,169
2014-11-06,MWH,12,4,106,29,151,226,46,272,423
2017-05-27,MWH,2,0,29,0,31,0,0,0,31
2014-11-05,MWH,21,10,183,43,257,298,40,338,595
2017-05-28,MWH,3,0,11,0,14,11,0,11,25
2014-11-04,MWH,5,4,97,21,127,196,46,242,369
2017-05-29,MWH,1,0,25,0,26,4,0,4,30
2014-11-03,MWH,14,10,87,20,131,252,56,308,439
2017-05-30,MWH,33,6,82,6,127,212,51,263,390
2014-11-02,MWH,12,0,8,0,20,0,0,0,20
2014-11-01,MWH,0,1,4,3,8,8,6,14,22
2017-05-22,MWH,25,5,103,18,151,246,30,276,427
2017-06-11,MWH,2,0,19,0,21,38,0,38,59
2017-06-12,MWH,28,4,67,44,143,98,44,142,285
2017-06-23,MWH,19,5,26,21,71,6,4,10,81
2014-10-09,MWH,15,6,147,9,177,266,0,266,443
2017-06-24,MWH,38,1,17,0,56,0,0,0,56
2014-10-08,MWH,33,4,105,78,220,182,106,288,508
2017-06-25,MWH,0,1,10,9,20,0,30,30,50
2014-10-07,MWH,9,5,127,10,151,226,28,254,405
2017-06-26,MWH,6,7,93,42,148,216,54,270,418
2014-10-06,MWH,24,11,121,88,244,222,100,322,566
2017-06-27,MWH,2,25,90,19,136,98,32,130,266
2014-10-05,MWH,4,0,18,2,24,20,0,20,44
2017-06-28,MWH,22,72,91,42,227,232,30,262,489
2014-10-04,MWH,8,0,18,10,36,2,34,36,72
2017-06-29,MWH,8,4,130,29,171,216,87,303,474
2014-10-03,MWH,23,4,21,20,68,0,16,16,84
2017-06-30,MWH,92,6,127,22,247,132,20,152,399
2014-10-02,MWH,29,4,138,34,205,122,28,150,355
2017-07-01,MWH,12,12,17,1,42,2,0,2,44
2014-10-10,MWH,23,8,38,48,117,4,106,110,227
2014-10-21,MWH,20,4,81,63,168,196,102,298,466
2017-06-22,MWH,26,7,27,17,77,0,16,16,93
2017-06-21,MWH,31,7,25,28,91,0,54,54,145
2014-10-20,MWH,28,11,120,34,193,272,66,338,531
2017-06-13,MWH,47,11,77,23,158,88,10,98,256
2014-10-19,MWH,0,7,24,18,49,4,64,68,117
2017-06-14,MWH,20,7,52,48,127,16,31,47,174
2014-10-18,MWH,5,0,8,91,104,2,125,127,231
2017-06-15,MWH,12,6,35,25,78,4,18,22,100
2014-10-17,MWH,26,6,41,72,145,22,60,82,227
2017-06-16,MWH,9,10,25,39,83,0,32,32,115
2014-10-16,MWH,32,7,134,72,245,256,22,278,523
2017-06-17,MWH,24,0,12,2,38,0,0,0,38
2014-10-15,MWH,13,6,76,42,137,216,42,258,395
2017-06-18,MWH,0,0,13,0,13,0,0,0,13
2014-10-14,MWH,14,4,118,3,139,292,0,292,431
2017-06-19,MWH,89,18,36,21,164,12,16,28,192
2014-10-13,MWH,23,4,115,1,143,272,0,272,415
2017-06-20,MWH,62,5,14,23,104,0,44,44,148
2014-10-12,MWH,13,0,11,1,25,0,0,0,25
2014-10-11,MWH,6,1,1,13,21,32,18,50,71
2014-12-23,MWH,10,10,6,46,72,6,40,46,118
2014-11-11,MWH,13,6,8,8,35,0,0,0,35
2014-11-12,MWH,9,4,94,27,134,199,22,221,355
2017-04-21,MWH,41,6,33,20,100,12,34,46,146
2014-12-11,MWH,74,5,11,10,100,3,0,3,103
2017-04-22,MWH,12,0,13,1,26,0,0,0,26
2014-12-10,MWH,14,2,9,8,33,0,0,0,33
2017-04-23,MWH,4,0,7,0,11,20,0,20,31
2014-12-09,MWH,11,3,34,10,58,34,0,34,92
2017-04-24,MWH,30,4,87,8,129,118,22,140,269
2014-12-08,MWH,17,3,34,15,69,88,0,88,157
2017-04-25,MWH,25,6,101,41,173,145,63,208,381
2014-12-07,MWH,8,4,2,1,15,0,0,0,15
2017-04-26,MWH,22,12,85,42,161,94,32,126,287
2014-12-06,MWH,7,0,0,1,8,0,0,0,8
2017-04-27,MWH,33,5,90,12,140,114,20,134,274
2014-12-05,MWH,9,3,7,5,24,0,0,0,24
2017-04-28,MWH,31,3,28,11,73,50,14,64,137
2014-12-04,MWH,25,4,63,18,110,279,0,279,389
2017-04-29,MWH,31,1,17,0,49,28,0,28,77
2014-12-12,MWH,41,2,14,79,136,0,90,90,226
2014-12-03,MWH,43,8,122,21,194,233,40,273,467
2017-04-20,MWH,22,9,104,41,176,238,29,267,443
2017-04-19,MWH,20,7,107,50,184,112,72,184,368
2014-12-22,MWH,2,2,19,38,61,0,48,48,109
2017-04-11,MWH,28,9,95,15,147,134,24,158,305
2014-12-21,MWH,4,0,6,0,10,18,0,18,28
2017-04-12,MWH,16,10,63,15,104,148,23,171,275
2014-12-20,MWH,7,1,3,0,11,0,0,0,11
2017-04-13,MWH,17,6,61,15,99,144,12,156,255
2014-12-19,MWH,7,6,5,7,25,0,0,0,25
2017-04-14,MWH,10,9,46,2,67,28,6,34,101
2014-12-18,MWH,10,6,11,0,27,0,0,0,27
2017-04-15,MWH,0,2,34,0,36,70,0,70,106
2014-12-17,MWH,60,5,7,57,129,7,32,39,168
2017-04-16,MWH,0,0,18,0,18,0,0,0,18
2014-12-16,MWH,21,4,18,0,43,2,0,2,45
2017-04-17,MWH,4,4,96,35,139,98,72,170,309
2014-12-15,MWH,35,4,26,30,95,0,42,42,137
2017-04-18,MWH,6,8,68,35,117,254,64,318,435
2014-12-14,MWH,11,0,4,0,15,0,0,0,15
2014-12-13,MWH,14,2,32,5,53,4,10,14,67
2017-05-21,MWH,0,0,30,0,30,20,0,20,50
2017-04-30,MWH,8,0,3,2,13,0,0,0,13
2017-05-01,MWH,7,0,51,2,60,142,8,150,210
2017-05-12,MWH,27,4,35,3,69,0,2,2,71
2014-11-20,MWH,35,4,44,20,103,192,2,194,297
2017-05-13,MWH,2,0,6,2,10,0,0,0,10
2014-11-19,MWH,28,4,52,13,97,90,2,92,189
2017-05-14,MWH,0,0,1,0,1,0,0,0,1
2014-11-18,MWH,28,5,76,5,114,182,0,182,296
2017-05-15,MWH,2,4,79,55,140,236,100,336,476
2014-11-17,MWH,19,4,153,38,214,354,22,376,590
2017-05-16,MWH,28,4,36,9,77,84,4,88,165
2014-11-16,MWH,4,3,9,0,16,2,0,2,18
2017-05-17,MWH,15,8,78,38,139,328,52,380,519
2014-11-15,MWH,12,4,19,4,39,2,0,2,41
2017-05-18,MWH,20,22,117,20,179,187,56,243,422
2014-11-14,MWH,32,6,24,32,94,2,38,40,134
2017-05-19,MWH,18,9,22,23,72,37,16,53,125
2014-11-13,MWH,12,5,119,8,144,162,20,182,326
2017-05-20,MWH,8,2,33,8,51,14,6,20,71
2014-11-21,MWH,24,2,0,17,43,0,0,0,43
2014-12-02,MWH,12,3,91,22,128,190,42,232,360
2017-05-11,MWH,10,6,81,17,114,310,14,324,438
2017-05-10,MWH,37,4,97,88,226,225,100,325,551
2014-12-01,MWH,12,4,138,37,191,210,46,256,447
2017-05-02,MWH,24,3,89,14,130,187,2,189,319
2014-11-30,MWH,0,0,9,0,9,0,0,0,9
2017-05-03,MWH,17,9,76,52,154,170,72,242,396
2014-11-29,MWH,0,0,5,0,5,0,0,0,5
2017-05-04,MWH,22,8,78,14,122,91,38,129,251
2014-11-28,MWH,0,3,2,0,5,0,0,0,5
2017-05-05,MWH,12,6,12,15,45,0,30,30,75
2014-11-27,MWH,0,0,0,0,0,0,0,0,0
2017-05-06,MWH,14,3,9,5,31,4,0,4,35
2014-11-26,MWH,2,3,2,5,12,0,0,0,12
2017-05-07,MWH,9,0,18,3,30,24,0,24,54
2014-11-25,MWH,12,2,72,30,116,340,32,372,488
2017-05-08,MWH,22,13,84,9,128,206,12,218,346
2014-11-24,MWH,30,4,143,44,221,292,48,340,561
2017-05-09,MWH,34,17,122,4,177,246,20,266,443
2014-11-23,MWH,17,0,3,0,20,8,0,8,28
2014-11-22,MWH,23,0,12,6,41,10,24,34,75
2019-10-19,MWH,6,1,5,1,13,0,0,0,13
2013-01-23,MWH,32,22,65,28,147,164,53,217,364
2011-03-24,MWH,28,6,16,36,86,0,30,30,116
2021-02-10,MWH,19,86,39,21,165,261,44,305,470
2011-02-19,MWH,20,2,3,1,26,0,0,0,26
2021-02-11,MWH,20,63,8,21,112,176,30,206,318
2011-02-18,MWH,20,4,15,16,55,0,0,0,55
2021-02-12,MWH,11,1,5,17,34,0,12,12,46
2011-02-17,MWH,46,4,72,83,205,146,18,164,369
2021-02-13,MWH,0,0,4,0,4,0,0,0,4
2011-02-16,MWH,3,3,52,52,110,82,0,82,192
2021-02-14,MWH,0,0,6,0,6,34,0,34,40
2011-02-15,MWH,57,3,5,38,103,0,0,0,103
2021-02-15,MWH,5,0,4,0,9,0,0,0,9
2011-02-14,MWH,31,7,67,57,162,112,24,136,298
2021-02-16,MWH,31,3,5,10,49,0,0,0,49
2011-02-13,MWH,2,0,17,11,30,0,0,0,30
2021-02-17,MWH,15,30,20,49,114,216,44,260,374
2011-02-20,MWH,6,0,8,13,27,0,0,0,27
2011-02-12,MWH,12,3,5,17,37,0,0,0,37
2021-02-09,MWH,38,99,24,60,221,242,66,308,529
2021-02-08,MWH,28,124,31,16,199,214,20,234,433
2011-03-01,MWH,31,4,3,41,79,0,0,0,79
2021-02-01,MWH,12,104,15,41,172,432,65,497,669
2011-02-28,MWH,16,11,15,38,80,26,0,26,106
2021-02-02,MWH,20,94,11,54,179,212,85,297,476
2011-02-27,MWH,4,2,5,12,23,10,22,32,55
2021-02-03,MWH,15,91,34,16,156,272,0,272,428
2011-02-26,MWH,18,2,3,57,80,0,0,0,80
2021-02-04,MWH,16,126,18,21,181,323,58,381,562
2011-02-25,MWH,32,20,9,17,78,0,0,0,78
2021-02-05,MWH,26,0,19,18,63,10,10,20,83
2011-02-24,MWH,5,14,14,6,39,0,0,0,39
2021-02-06,MWH,0,1,3,0,4,0,0,0,4
2011-02-23,MWH,8,17,35,9,69,38,0,38,107
2021-02-07,MWH,0,2,17,0,19,2,0,2,21
2011-02-22,MWH,39,14,35,33,121,118,28,146,267
2011-02-21,MWH,44,10,55,0,109,74,0,74,183
2021-02-18,MWH,0,98,5,16,119,306,54,360,479
2011-02-11,MWH,58,10,15,72,155,0,0,0,155
2021-02-19,MWH,6,0,8,0,14,0,0,0,14
2011-01-31,MWH,10,4,94,133,241,150,84,234,475
2021-03-02,MWH,1,122,13,25,161,238,16,254,415
2011-01-30,MWH,12,0,11,0,23,0,0,0,23
2021-03-03,MWH,15,101,39,15,170,333,21,354,524
2011-01-29,MWH,12,2,6,1,21,0,0,0,21
2021-03-04,MWH,4,114,28,47,193,306,56,362,555
2011-01-28,MWH,0,12,3,5,20,0,0,0,20
2021-03-05,MWH,20,4,16,14,54,47,14,61,115
2011-01-27,MWH,0,6,27,27,60,0,0,0,60
2021-03-06,MWH,15,0,11,11,37,0,8,8,45
2011-01-26,MWH,2,7,6,4,19,0,0,0,19
2021-03-07,MWH,3,1,13,0,17,12,0,12,29
2011-01-25,MWH,7,16,8,16,47,0,0,0,47
2021-03-08,MWH,3,119,39,28,189,336,45,381,570
2011-01-24,MWH,12,4,87,134,237,98,0,98,335
2021-03-01,MWH,8,110,30,4,152,315,16,331,483
2011-02-01,MWH,8,7,74,51,140,208,22,230,370
2021-02-28,MWH,0,0,45,0,45,60,0,60,105
2011-02-02,MWH,41,4,87,61,193,92,44,136,329
2011-02-10,MWH,17,11,63,32,123,84,6,90,213
2021-02-20,MWH,16,2,12,4,34,16,0,16,50
2011-02-09,MWH,47,12,143,48,250,62,4,66,316
2021-02-21,MWH,4,0,7,0,11,6,0,6,17
2011-02-08,MWH,10,14,44,63,131,62,18,80,211
2021-02-22,MWH,1,75,4,61,141,291,83,374,515
2011-02-07,MWH,59,16,75,123,273,56,68,124,397
2021-01-31,MWH,18,0,19,0,37,38,0,38,75
2021-02-23,MWH,0,93,15,46,154,257,42,299,453
2021-02-24,MWH,27,109,53,28,217,238,39,277,494
2011-02-05,MWH,0,2,30,46,78,0,0,0,78
2021-02-25,MWH,0,23,11,19,53,68,4,72,125
2011-02-04,MWH,49,4,11,93,157,0,0,0,157
2021-02-26,MWH,12,0,14,16,42,4,36,40,82
2011-02-03,MWH,22,7,58,13,100,126,22,148,248
2021-02-27,MWH,4,0,33,0,37,64,0,64,101
2011-02-06,MWH,0,0,0,0,0,0,0,0,0
2021-03-09,MWH,4,126,28,39,197,322,46,368,565
2011-03-02,MWH,31,10,71,62,174,166,52,218,392
2011-03-03,MWH,24,5,68,9,106,110,0,110,216
2011-03-30,MWH,6,6,51,31,94,188,16,204,298
2021-01-03,MWH,0,0,15,0,15,14,0,14,29
2011-03-29,MWH,30,10,39,33,112,139,0,139,251
2021-01-04,MWH,10,39,7,0,56,106,0,106,162
2011-03-28,MWH,16,4,48,16,84,110,0,110,194
2021-01-05,MWH,20,119,14,43,196,374,52,426,622
2011-03-27,MWH,18,2,7,2,29,0,0,0,29
2021-01-06,MWH,13,85,13,21,132,408,16,424,556
2011-03-26,MWH,56,2,9,22,89,0,0,0,89
2021-01-07,MWH,21,65,7,12,105,382,2,384,489
2011-03-25,MWH,78,4,2,27,111,0,0,0,111
2021-01-08,MWH,31,1,7,18,57,12,40,52,109
2012-06-13,MWH,2,8,63,13,86,0,0,0,86
2021-01-09,MWH,8,1,4,8,21,22,0,22,43
2011-03-23,MWH,51,4,12,28,95,0,0,0,95
2021-01-02,MWH,0,0,6,0,6,0,0,0,6
2021-01-10,MWH,0,0,20,0,20,6,0,6,26
2011-03-31,MWH,4,6,43,10,63,136,16,152,215
2011-04-01,MWH,12,4,22,91,129,0,28,28,157
2020-12-24,MWH,3,1,26,0,30,8,0,8,38
2011-04-08,MWH,23,6,74,98,201,28,8,36,237
2020-12-25,MWH,0,0,2,0,2,0,0,0,2
2011-04-07,MWH,34,6,74,77,191,30,0,30,221
2020-12-26,MWH,0,5,1,0,6,0,0,0,6
2011-04-06,MWH,25,4,75,111,215,48,0,48,263
2020-12-27,MWH,12,0,5,1,18,0,0,0,18
2011-04-05,MWH,10,6,53,57,126,66,14,80,206
2020-12-28,MWH,6,2,5,0,13,0,0,0,13
2011-04-04,MWH,34,4,68,73,179,92,16,108,287
2020-12-29,MWH,2,1,28,29,60,10,72,82,142
2011-04-03,MWH,16,0,17,11,44,0,0,0,44
2020-12-30,MWH,0,0,4,0,4,0,0,0,4
2011-04-02,MWH,11,2,3,60,76,0,0,0,76
2020-12-31,MWH,4,4,10,0,18,0,0,0,18
2021-01-01,MWH,0,1,3,0,4,0,0,0,4
2011-03-22,MWH,20,4,4,45,73,0,20,20,93
2021-01-11,MWH,8,2,11,8,29,0,0,0,29
2011-03-21,MWH,19,8,4,17,48,0,0,0,48
2021-01-22,MWH,28,2,28,27,85,32,87,119,204
2011-03-10,MWH,8,4,21,50,83,95,26,121,204
2021-01-23,MWH,20,2,43,0,65,72,0,72,137
2011-03-09,MWH,6,6,30,61,103,56,20,76,179
2021-01-24,MWH,0,3,4,0,7,3,0,3,10
2011-03-08,MWH,16,6,33,16,71,118,0,118,189
2021-01-25,MWH,10,35,2,10,57,226,7,233,290
2011-03-07,MWH,7,4,112,71,194,82,6,88,282
2021-01-26,MWH,8,99,12,25,144,425,30,455,599
2011-03-06,MWH,3,0,4,14,21,0,6,6,27
2021-01-27,MWH,10,0,6,9,25,0,10,10,35
2011-03-05,MWH,21,2,9,10,42,0,0,0,42
2021-01-28,MWH,26,105,12,8,151,547,36,583,734
2011-03-04,MWH,49,3,27,23,102,0,0,0,102
2021-01-29,MWH,16,0,17,16,49,8,51,59,108
2011-03-11,MWH,0,4,26,18,48,8,10,18,66
2021-01-21,MWH,21,97,20,44,182,418,84,502,684
2011-03-12,MWH,4,4,29,5,42,0,0,0,42
2021-01-20,MWH,23,105,20,58,206,495,60,555,761
2021-01-12,MWH,9,55,4,55,123,280,14,294,417
2011-03-20,MWH,12,2,4,1,19,0,0,0,19
2021-01-13,MWH,0,6,8,12,26,76,11,87,113
2011-03-19,MWH,38,0,5,18,61,0,0,0,61
2021-01-14,MWH,4,113,26,24,167,321,44,365,532
2011-03-18,MWH,6,4,6,49,65,16,48,64,129
2021-01-15,MWH,0,1,17,1,19,3,0,3,22
2021-01-30,MWH,4,0,17,0,21,12,1,13,34
2011-03-17,MWH,14,4,39,21,78,14,2,16,94
2011-03-16,MWH,8,4,34,31,77,10,0,10,87
2021-01-17,MWH,4,1,14,0,19,22,0,22,41
2011-03-15,MWH,4,4,38,43,89,88,24,112,201
2021-01-18,MWH,11,1,68,0,80,22,0,22,102
2011-03-14,MWH,4,4,52,80,140,62,14,76,216
2021-01-19,MWH,32,92,46,32,202,366,39,405,607
2011-03-13,MWH,6,0,6,3,15,0,0,0,15
2021-01-16,MWH,4,1,17,0,22,32,0,32,54
2011-01-23,MWH,15,0,8,7,30,0,0,0,30
2021-03-10,MWH,9,112,28,67,216,257,103,360,576
2011-01-22,MWH,42,2,29,50,123,0,0,0,123
2010-12-04,MWH,6,32,9,40,87,0,0,0,87
2021-04-29,MWH,3,131,23,6,163,382,4,386,549
2010-12-03,MWH,4,6,4,5,19,0,0,0,19
2021-04-30,MWH,15,0,17,10,42,2,54,56,98
2010-12-02,MWH,4,5,6,12,27,24,0,24,51
2021-05-01,MWH,0,0,17,6,23,26,12,38,61
2010-12-01,MWH,0,4,1,9,14,0,0,0,14
2021-05-02,MWH,4,1,15,5,25,22,0,22,47
2010-11-30,MWH,2,4,1,2,9,0,0,0,9
2021-05-03,MWH,11,80,25,25,141,334,28,362,503
2010-11-29,MWH,8,7,4,5,24,0,0,0,24
2021-05-04,MWH,24,94,23,18,159,230,12,242,401
2010-11-28,MWH,0,2,0,0,2,0,0,0,2
2021-05-05,MWH,68,97,37,33,235,308,30,338,573
2010-11-27,MWH,0,2,2,0,4,0,0,0,4
2021-04-28,MWH,8,118,25,12,163,332,4,336,499
2021-05-06,MWH,53,91,17,38,199,211,40,251,450
2010-12-05,MWH,0,0,5,6,11,0,0,0,11
2010-12-06,MWH,17,4,51,88,160,144,26,170,330
2021-04-19,MWH,6,69,18,20,113,176,11,187,300
2010-12-13,MWH,0,0,1,0,1,0,0,0,1
2021-04-20,MWH,6,137,9,12,164,224,0,224,388
2010-12-12,MWH,0,0,0,0,0,0,0,0,0
2021-04-21,MWH,4,141,28,25,198,392,2,394,592
2010-12-11,MWH,0,2,1,0,3,0,0,0,3
2021-04-22,MWH,14,57,33,12,116,152,2,154,270
2010-12-10,MWH,32,4,20,51,107,20,38,58,165
2021-04-23,MWH,23,4,32,8,67,30,10,40,107
2010-12-09,MWH,4,6,5,11,26,2,6,8,34
2021-04-24,MWH,0,0,10,0,10,0,0,0,10
2010-12-08,MWH,11,2,34,4,51,8,0,8,59
2021-04-25,MWH,4,0,42,0,46,57,0,57,103
2010-12-07,MWH,0,3,22,39,64,84,29,113,177
2021-04-26,MWH,0,135,23,10,168,284,19,303,471
2021-04-27,MWH,0,134,19,26,179,281,17,298,477
2010-11-26,MWH,0,4,3,0,7,0,0,0,7
2021-05-07,MWH,74,9,16,6,105,22,3,25,130
2010-11-25,MWH,0,0,0,0,0,0,0,0,0
2021-05-18,MWH,4,1,7,12,24,0,2,2,26
2010-11-14,MWH,0,0,5,12,17,0,0,0,17
2021-05-19,MWH,27,100,33,22,182,148,26,174,356
2010-11-13,MWH,6,4,11,10,31,0,0,0,31
2021-05-20,MWH,44,76,17,12,149,237,10,247,396
2010-11-12,MWH,2,5,12,0,19,0,0,0,19
2021-05-21,MWH,60,7,48,11,126,47,2,49,175
2010-11-11,MWH,8,20,15,2,45,0,0,0,45
2021-05-22,MWH,8,1,36,10,55,10,6,16,71
2010-11-10,MWH,17,22,73,56,168,206,34,240,408
2021-05-23,MWH,4,0,11,5,20,8,0,8,28
2010-11-09,MWH,29,8,64,61,162,255,26,281,443
2021-05-24,MWH,1,46,17,24,88,167,59,226,314
2010-11-08,MWH,21,4,71,45,141,156,8,164,305
2021-05-25,MWH,35,122,29,41,227,268,42,310,537
2010-11-15,MWH,33,10,63,52,158,170,36,206,364
2021-05-17,MWH,11,76,34,65,186,230,147,377,563
2010-11-16,MWH,0,18,73,41,132,224,59,283,415
2021-05-16,MWH,0,1,20,6,27,10,0,10,37
2021-05-08,MWH,9,3,22,0,34,27,0,27,61
2010-11-24,MWH,17,1,4,2,24,8,0,8,32
2021-05-09,MWH,36,0,33,1,70,6,0,6,76
2010-11-23,MWH,0,2,2,0,4,0,0,0,4
2021-05-10,MWH,35,95,41,19,190,256,48,304,494
2010-11-22,MWH,5,4,53,24,86,104,0,104,190
2021-05-11,MWH,17,103,16,40,176,329,21,350,526
2010-12-14,MWH,16,4,23,10,53,2,2,4,57
2010-11-21,MWH,12,3,7,0,22,0,0,0,22
2010-11-20,MWH,29,2,8,12,51,6,25,31,82
2021-05-13,MWH,8,106,30,26,170,288,6,294,464
2010-11-19,MWH,20,7,12,5,44,0,0,0,44
2021-05-14,MWH,48,1,40,23,112,2,18,20,132
2010-11-18,MWH,51,10,71,21,153,168,4,172,325
2021-05-15,MWH,17,3,29,5,54,22,0,22,76
2010-11-17,MWH,12,7,93,33,145,170,72,242,387
2021-05-12,MWH,39,97,41,28,205,236,57,293,498
2021-04-18,MWH,2,0,29,9,40,18,0,18,58
2010-12-15,MWH,30,2,11,41,84,0,14,14,98
2021-04-17,MWH,0,0,26,0,26,22,0,22,48
2021-03-21,MWH,6,1,10,0,17,0,0,0,17
2011-01-11,MWH,27,4,54,59,144,141,46,187,331
2021-03-22,MWH,31,51,7,70,159,89,37,126,285
2011-01-10,MWH,11,4,146,39,200,152,0,152,352
2021-03-23,MWH,36,71,11,43,161,156,56,212,373
2011-01-09,MWH,22,0,3,3,28,0,0,0,28
2021-03-24,MWH,2,14,12,38,66,42,49,91,157
2011-01-08,MWH,12,2,8,8,30,0,0,0,30
2021-03-25,MWH,20,3,19,26,68,33,112,145,213
2011-01-07,MWH,16,9,5,17,47,0,0,0,47
2021-03-26,MWH,12,7,26,16,61,12,40,52,113
2011-01-06,MWH,4,6,33,13,56,86,6,92,148
2021-03-27,MWH,8,0,27,3,38,2,4,6,44
2011-01-05,MWH,4,6,5,27,42,0,0,0,42
2021-03-28,MWH,0,2,4,5,11,0,6,6,17
2011-01-12,MWH,4,8,6,6,24,0,14,14,38
2021-03-20,MWH,13,2,18,0,33,0,0,0,33
2011-01-13,MWH,2,5,2,6,15,0,0,0,15
2021-03-19,MWH,19,2,32,10,63,10,44,54,117
2021-03-11,MWH,14,107,33,16,170,230,17,247,417
2011-01-21,MWH,22,15,0,3,40,0,0,0,40
2021-03-12,MWH,13,16,28,7,64,58,14,72,136
2011-01-20,MWH,0,7,52,83,142,0,0,0,142
2021-03-13,MWH,0,0,44,0,44,60,0,60,104
2011-01-19,MWH,6,7,65,48,126,90,12,102,228
2021-03-14,MWH,4,0,15,0,19,22,0,22,41
2011-01-04,MWH,11,7,23,20,61,32,8,40,101
2011-01-18,MWH,9,12,49,111,181,176,33,209,390
2011-01-17,MWH,20,7,8,0,35,0,0,0,35
2021-03-16,MWH,9,124,30,59,222,318,80,398,620
2011-01-16,MWH,29,0,0,0,29,0,0,0,29
2021-03-17,MWH,2,131,15,14,162,335,14,349,511
2011-01-15,MWH,29,2,3,34,68,0,0,0,68
2021-03-18,MWH,30,1,15,58,104,18,82,100,204
2011-01-14,MWH,44,4,12,42,102,24,6,30,132
2021-03-15,MWH,0,95,21,38,154,291,71,362,516
2011-04-09,MWH,12,2,16,39,69,0,0,0,69
2021-03-29,MWH,14,0,12,60,86,4,98,102,188
2021-03-30,MWH,1,2,13,57,73,0,71,71,144
2010-12-23,MWH,0,6,16,3,25,0,0,0,25
2021-04-10,MWH,8,0,7,0,15,0,0,0,15
2010-12-22,MWH,0,5,0,15,20,0,0,0,20
2021-04-11,MWH,2,1,27,2,32,106,0,106,138
2010-12-21,MWH,0,2,2,7,11,0,0,0,11
2021-04-12,MWH,0,128,11,27,166,282,74,356,522
2010-12-20,MWH,0,2,4,6,12,0,0,0,12
2021-04-13,MWH,21,6,10,13,50,4,10,14,64
2010-12-19,MWH,0,0,2,0,2,0,0,0,2
2021-04-14,MWH,16,67,13,39,135,194,48,242,377
2010-12-18,MWH,2,0,0,0,2,0,0,0,2
2021-04-15,MWH,7,54,27,31,119,133,24,157,276
2010-12-17,MWH,8,2,19,131,160,0,0,0,160
2021-04-16,MWH,8,0,24,20,52,42,25,67,119
2010-12-16,MWH,23,3,5,22,53,0,0,0,53
2021-04-09,MWH,10,2,22,21,55,0,16,16,71
2010-12-24,MWH,0,4,0,0,4,0,0,0,4
2021-04-08,MWH,13,37,4,41,95,31,54,85,180
2010-12-25,MWH,0,0,0,0,0,0,0,0,0
2011-01-02,MWH,0,0,6,0,6,0,0,0,6
2021-03-31,MWH,13,0,25,9,47,20,15,35,82
2011-01-01,MWH,0,3,0,0,3,0,0,0,3
2021-04-01,MWH,54,4,58,46,162,8,88,96,258
2010-12-31,MWH,0,7,3,0,10,0,0,0,10
2021-04-02,MWH,31,3,19,20,73,10,34,44,117
2010-12-30,MWH,0,4,11,20,35,0,8,8,43
2011-01-03,MWH,2,7,35,76,120,48,24,72,192
2021-04-03,MWH,4,1,18,2,25,22,0,22,47
2021-04-04,MWH,5,1,6,0,12,0,0,0,12
2010-12-28,MWH,0,4,6,20,30,0,4,4,34
2021-04-05,MWH,32,89,21,1,143,252,0,252,395
2010-12-27,MWH,8,6,2,0,16,0,0,0,16
2021-04-06,MWH,15,112,27,9,163,376,13,389,552
2010-12-26,MWH,0,1,9,0,10,0,0,0,10
2021-04-07,MWH,29,94,17,29,169,245,55,300,469
2010-12-29,MWH,0,12,0,12,24,0,0,0,24
2020-12-23,MWH,37,0,79,7,123,0,0,0,123
2011-04-10,MWH,0,0,13,24,37,0,0,0,37
2020-12-22,MWH,21,4,40,38,103,8,25,33,136
2011-07-24,MWH,14,11,6,1,32,0,0,0,32
2020-09-09,MWH,48,4,7,44,103,0,58,58,161
2011-07-23,MWH,31,16,11,2,60,0,0,0,60
2020-09-10,MWH,74,13,28,39,154,7,24,31,185
2011-07-22,MWH,33,9,72,21,135,221,8,229,364
2020-09-11,MWH,14,11,17,40,82,34,30,64,146
2011-07-21,MWH,31,11,64,56,162,73,15,88,250
2020-09-12,MWH,0,1,5,0,6,0,0,0,6
2011-07-20,MWH,1,10,107,57,175,212,36,248,423
2020-09-13,MWH,0,1,3,0,4,0,0,0,4
2011-07-19,MWH,14,10,41,107,172,136,16,152,324
2020-09-14,MWH,11,1,2,23,37,0,0,0,37
2011-07-18,MWH,15,6,94,57,172,164,24,188,360
2020-09-15,MWH,6,2,11,30,49,0,0,0,49
2011-07-17,MWH,16,10,15,5,46,0,0,0,46
2020-09-08,MWH,49,6,23,29,107,0,13,13,120
2020-09-16,MWH,0,5,13,7,25,0,0,0,25
2011-07-25,MWH,14,7,47,47,115,48,0,48,163
2011-07-26,MWH,18,8,139,42,207,230,4,234,441
2020-08-30,MWH,5,0,18,3,26,6,0,6,32
2011-08-02,MWH,14,19,38,47,118,0,0,0,118
2020-08-31,MWH,30,9,7,39,85,16,76,92,177
2011-08-01,MWH,16,22,48,59,145,13,6,19,164
2020-09-01,MWH,116,21,27,47,211,40,40,80,291
2011-07-31,MWH,20,12,8,23,63,0,0,0,63
2020-09-02,MWH,119,6,23,75,223,4,92,96,319
2011-07-30,MWH,25,9,6,6,46,0,0,0,46
2020-09-03,MWH,48,13,27,31,119,20,26,46,165
2011-07-29,MWH,26,12,35,39,112,20,0,20,132
2020-09-04,MWH,46,11,39,0,96,21,0,21,117
2011-07-28,MWH,2,17,87,62,168,170,10,180,348
2020-09-05,MWH,3,7,13,4,27,6,32,38,65
2011-07-27,MWH,24,8,91,59,182,158,0,158,340
2020-09-06,MWH,0,1,23,1,25,3,0,3,28
2020-09-07,MWH,14,2,13,1,30,0,0,0,30
2011-07-16,MWH,6,7,7,39,59,0,10,10,69
2020-09-17,MWH,42,3,7,6,58,0,0,0,58
2011-07-15,MWH,26,8,67,107,208,89,68,157,365
2020-09-28,MWH,40,130,22,19,211,328,8,336,547
2011-07-04,MWH,0,0,9,2,11,0,0,0,11
2020-09-29,MWH,30,102,26,13,171,255,8,263,434
2011-07-03,MWH,0,1,17,0,18,0,0,0,18
2020-09-30,MWH,23,126,34,14,197,305,20,325,522
2011-07-02,MWH,0,5,5,7,17,0,0,0,17
2020-10-01,MWH,19,111,31,27,188,302,48,350,538
2011-07-01,MWH,12,6,56,71,145,74,34,108,253
2020-10-02,MWH,21,39,30,24,114,68,52,120,234
2011-06-30,MWH,8,5,87,107,207,96,8,104,311
2020-10-03,MWH,10,0,18,0,28,6,0,6,34
2011-06-29,MWH,26,9,101,125,261,188,14,202,463
2020-10-04,MWH,18,0,17,0,35,18,0,18,53
2011-06-28,MWH,21,26,114,76,237,168,46,214,451
2020-10-05,MWH,12,129,17,79,237,306,80,386,623
2011-07-05,MWH,4,11,76,94,185,66,46,112,297
2020-09-27,MWH,28,0,46,5,79,66,14,80,159
2011-07-06,MWH,12,12,94,84,202,142,56,198,400
2020-09-26,MWH,22,1,45,8,76,14,8,22,98
2020-09-18,MWH,8,1,17,9,35,0,0,0,35
2011-07-14,MWH,11,21,88,67,187,166,13,179,366
2020-09-19,MWH,0,0,21,1,22,4,0,4,26
2011-07-13,MWH,14,9,97,152,272,86,25,111,383
2020-09-20,MWH,4,1,34,3,42,38,0,38,80
2011-07-12,MWH,18,9,84,107,218,132,70,202,420
2020-09-21,MWH,51,3,50,41,145,38,60,98,243
2011-08-03,MWH,51,8,30,50,139,0,0,0,139
2011-07-11,MWH,20,9,108,67,204,172,8,180,384
2011-07-10,MWH,12,7,8,21,48,0,0,0,48
2020-09-23,MWH,5,88,28,32,153,242,56,298,451
2011-07-09,MWH,2,8,22,65,97,0,0,0,97
2020-09-24,MWH,19,0,17,53,89,9,121,130,219
2011-07-08,MWH,10,5,72,51,138,182,12,194,332
2020-09-25,MWH,33,1,17,9,60,0,30,30,90
2011-07-07,MWH,18,8,67,71,164,88,32,120,284
2020-09-22,MWH,26,95,58,45,224,210,24,234,458
2020-08-29,MWH,39,4,28,2,73,0,0,0,73
2011-08-04,MWH,72,7,47,89,215,4,10,14,229
2020-08-28,MWH,55,7,35,27,124,44,58,102,226
2020-08-01,MWH,33,3,19,5,60,0,0,0,60
2011-08-31,MWH,8,13,22,57,100,0,0,0,100
2020-08-02,MWH,23,0,18,5,46,0,0,0,46
2011-08-30,MWH,3,13,24,95,135,0,23,23,158
2020-08-03,MWH,43,2,31,23,99,14,22,36,135
2011-08-29,MWH,5,9,14,40,68,0,12,12,80
2020-08-04,MWH,49,5,36,16,106,59,23,82,188
2011-08-28,MWH,2,8,6,14,30,0,0,0,30
2020-08-05,MWH,60,12,31,34,137,20,85,105,242
2011-08-27,MWH,8,7,7,26,48,0,0,0,48
2020-08-06,MWH,17,1,12,62,92,0,90,90,182
2011-08-26,MWH,38,5,5,59,107,0,0,0,107
2020-08-07,MWH,2,16,21,18,57,12,30,42,99
2011-08-25,MWH,28,11,21,52,112,0,0,0,112
2020-08-08,MWH,0,1,13,5,19,10,6,16,35
2011-09-01,MWH,52,9,15,25,101,0,39,39,140
2020-07-31,MWH,25,26,28,28,107,16,53,69,176
2011-09-02,MWH,30,10,11,0,51,0,0,0,51
2020-07-30,MWH,26,70,29,2,127,87,0,87,214
2020-07-22,MWH,2,104,21,23,150,180,19,199,349
2011-09-10,MWH,0,5,4,7,16,0,0,0,16
2020-07-23,MWH,27,109,17,30,183,157,27,184,367
2011-09-09,MWH,55,10,13,25,103,0,0,0,103
2020-07-24,MWH,74,95,45,26,240,220,14,234,474
2011-09-08,MWH,6,7,12,55,80,0,0,0,80
2020-07-25,MWH,40,1,28,1,70,6,0,6,76
2011-08-24,MWH,37,12,28,39,116,0,0,0,116
2011-09-07,MWH,45,9,16,56,126,0,0,0,126
2011-09-06,MWH,7,6,8,61,82,0,0,0,82
2020-07-27,MWH,27,116,16,23,182,176,40,216,398
2011-09-05,MWH,0,6,6,10,22,0,0,0,22
2020-07-28,MWH,10,128,34,16,188,267,34,301,489
2011-09-04,MWH,0,7,1,0,8,0,0,0,8
2020-07-29,MWH,22,100,36,20,178,189,37,226,404
2011-09-03,MWH,0,5,9,2,16,0,0,0,16
2020-07-26,MWH,14,4,9,1,28,13,0,13,41
2011-06-27,MWH,103,4,103,113,323,158,16,174,497
2020-08-09,MWH,20,21,28,4,73,30,0,30,103
2020-08-10,MWH,57,23,48,18,146,6,0,6,152
2011-08-12,MWH,10,8,14,67,99,0,0,0,99
2020-08-21,MWH,44,4,21,22,91,22,38,60,151
2011-08-11,MWH,11,6,24,41,82,0,0,0,82
2020-08-22,MWH,1,8,30,8,47,22,0,22,69
2011-08-10,MWH,52,8,22,72,154,0,0,0,154
2020-08-23,MWH,4,1,43,4,52,14,14,28,80
2011-08-09,MWH,4,7,18,39,68,6,45,51,119
2020-08-24,MWH,11,1,38,28,78,15,66,81,159
2011-08-08,MWH,6,7,17,33,63,18,42,60,123
2020-08-25,MWH,39,3,39,65,146,27,36,63,209
2011-08-07,MWH,24,1,5,11,41,0,0,0,41
2020-08-26,MWH,94,15,47,85,241,16,42,58,299
2011-08-06,MWH,4,8,20,6,38,0,0,0,38
2020-08-27,MWH,22,6,56,64,148,56,54,110,258
2011-08-05,MWH,20,16,30,53,119,0,0,0,119
2020-08-20,MWH,32,12,21,47,112,38,50,88,200
2011-08-13,MWH,2,3,10,8,23,0,0,0,23
2020-08-19,MWH,29,9,44,45,127,16,52,68,195
2011-08-14,MWH,0,4,21,4,29,0,0,0,29
2011-08-22,MWH,16,6,26,38,86,0,0,0,86
2020-08-11,MWH,23,18,36,50,127,28,70,98,225
2011-08-21,MWH,6,2,8,17,33,0,0,0,33
2020-08-12,MWH,20,7,29,36,92,42,45,87,179
2011-08-20,MWH,4,4,19,20,47,0,0,0,47
2020-08-13,MWH,20,19,25,30,94,38,78,116,210
2011-08-19,MWH,31,7,20,54,112,0,0,0,112
2011-08-23,MWH,20,10,25,27,82,0,0,0,82
2020-08-14,MWH,23,7,31,65,126,19,109,128,254
2020-08-15,MWH,14,5,19,7,45,10,10,20,65
2011-08-17,MWH,14,7,24,63,108,0,0,0,108
2020-08-16,MWH,0,1,13,1,15,0,0,0,15
2011-08-16,MWH,31,14,30,100,175,0,0,0,175
2020-08-17,MWH,12,12,41,42,107,0,88,88,195
2011-08-15,MWH,18,10,13,73,114,0,0,0,114
2020-08-18,MWH,32,10,35,65,142,38,116,154,296
2011-08-18,MWH,18,19,9,56,102,0,0,0,102
2010-11-07,MWH,2,0,2,0,4,0,0,0,4
2020-10-06,MWH,16,133,23,43,215,310,4,314,529
2020-10-07,MWH,7,135,34,42,218,234,29,263,481
2020-11-25,MWH,4,2,31,14,51,0,0,0,51
2011-05-07,MWH,17,2,3,40,62,0,0,0,62
2020-11-26,MWH,4,2,6,0,12,0,0,0,12
2011-05-06,MWH,36,9,6,80,131,0,30,30,161
2020-11-27,MWH,0,3,10,0,13,0,0,0,13
2011-05-05,MWH,60,5,39,130,234,22,1,23,257
2020-11-28,MWH,0,0,1,0,1,0,0,0,1
2011-05-04,MWH,83,8,79,126,296,60,90,150,446
2020-11-29,MWH,0,5,21,0,26,4,0,4,30
2011-05-03,MWH,124,9,38,59,230,46,22,68,298
2020-11-30,MWH,10,23,4,18,55,86,24,110,165
2011-05-02,MWH,67,11,62,95,235,94,8,102,337
2020-12-01,MWH,16,135,56,56,263,409,60,469,732
2011-05-01,MWH,30,2,12,30,74,0,0,0,74
2020-12-02,MWH,30,112,23,53,218,451,40,491,709
2011-05-08,MWH,0,0,2,2,4,0,0,0,4
2011-04-30,MWH,11,3,9,39,62,0,0,0,62
2020-11-24,MWH,2,11,1,31,45,0,4,4,49
2020-11-23,MWH,7,0,5,21,33,2,0,2,35
2011-05-17,MWH,29,6,75,56,166,74,1,75,241
2020-11-16,MWH,15,27,4,6,52,212,0,212,264
2011-05-16,MWH,53,5,63,49,170,34,12,46,216
2020-11-17,MWH,18,53,21,42,134,319,67,386,520
2011-05-15,MWH,8,4,0,29,41,0,0,0,41
2020-11-18,MWH,26,102,17,24,169,520,8,528,697
2011-05-14,MWH,4,4,5,15,28,0,0,0,28
2020-11-19,MWH,31,99,28,26,184,297,28,325,509
2011-05-13,MWH,38,6,9,56,109,0,0,0,109
2020-11-20,MWH,0,17,54,6,77,24,2,26,103
2011-05-12,MWH,20,17,60,35,132,100,0,100,232
2020-11-21,MWH,0,2,22,0,24,50,0,50,74
2011-05-11,MWH,23,7,74,72,176,50,32,82,258
2020-11-22,MWH,4,1,13,0,18,14,0,14,32
2011-05-10,MWH,16,7,81,71,175,44,48,92,267
2011-05-09,MWH,0,11,60,101,172,114,12,126,298
2020-12-03,MWH,14,87,44,25,170,400,25,425,595
2011-04-29,MWH,11,4,26,70,111,0,0,0,111
2020-12-04,MWH,8,0,14,13,35,12,2,14,49
2011-04-18,MWH,39,8,91,56,194,54,0,54,248
2020-12-15,MWH,2,1,6,15,24,12,0,12,36
2011-04-17,MWH,11,11,10,16,48,0,0,0,48
2020-12-16,MWH,20,3,8,48,79,2,41,43,122
2011-04-16,MWH,12,4,3,38,57,0,0,0,57
2020-12-17,MWH,18,0,27,36,81,0,70,70,151
2011-04-15,MWH,6,5,12,67,90,38,22,60,150
2020-12-18,MWH,10,0,6,6,22,0,6,6,28
2011-04-14,MWH,16,5,57,199,277,42,40,82,359
2020-12-19,MWH,11,2,18,0,31,42,0,42,73
2011-04-13,MWH,21,5,35,42,103,90,0,90,193
2020-12-20,MWH,21,0,22,0,43,4,0,4,47
2011-04-12,MWH,23,12,87,77,199,55,94,149,348
2020-12-21,MWH,6,0,5,0,11,0,0,0,11
2011-04-11,MWH,19,2,30,113,164,48,72,120,284
2020-12-14,MWH,2,2,2,8,14,0,0,0,14
2011-04-19,MWH,60,11,82,38,191,62,8,70,261
2020-12-13,MWH,6,2,1,0,9,0,0,0,9
2011-04-20,MWH,91,8,69,55,223,42,36,78,301
2011-04-28,MWH,18,22,68,52,160,36,26,62,222
2020-12-05,MWH,14,0,11,0,25,12,0,12,37
2011-04-27,MWH,23,6,57,58,144,58,16,74,218
2020-12-06,MWH,4,0,5,0,9,0,0,0,9
2011-04-26,MWH,13,5,53,82,153,88,38,126,279
2020-12-07,MWH,10,2,3,22,37,0,0,0,37
2011-04-25,MWH,10,7,66,92,175,4,8,12,187
2020-11-15,MWH,0,0,11,0,11,0,0,0,11
2020-12-08,MWH,7,1,4,6,18,0,0,0,18
2020-12-09,MWH,4,0,2,2,8,0,0,0,8
2011-04-23,MWH,11,3,17,27,58,0,0,0,58
2020-12-10,MWH,5,0,5,62,72,0,16,16,88
2011-04-22,MWH,38,4,19,91,152,0,0,0,152
2020-12-11,MWH,12,0,4,6,22,0,0,0,22
2011-04-21,MWH,8,4,23,41,76,62,8,70,146
2020-12-12,MWH,14,15,24,0,53,62,0,62,115
2011-04-24,MWH,0,2,13,0,15,0,0,0,15
2011-05-18,MWH,25,5,79,16,125,74,24,98,223
2020-11-14,MWH,2,0,20,0,22,12,0,12,34
2011-05-19,MWH,47,10,62,50,169,90,14,104,273
2011-06-15,MWH,10,10,35,99,154,3,52,55,209
2020-10-18,MWH,0,0,18,3,21,26,0,26,47
2011-06-14,MWH,35,12,6,72,125,0,16,16,141
2020-10-19,MWH,74,96,15,28,213,211,69,280,493
2011-06-13,MWH,33,14,10,89,146,0,14,14,160
2020-10-20,MWH,41,158,32,43,274,349,56,405,679
2011-06-12,MWH,14,3,25,8,50,0,0,0,50
2020-10-21,MWH,2,117,18,19,156,248,26,274,430
2011-06-11,MWH,0,3,69,15,87,0,0,0,87
2020-10-22,MWH,44,112,50,26,232,240,62,302,534
2011-06-10,MWH,21,9,58,92,180,0,47,47,227
2020-10-23,MWH,66,0,4,10,80,6,14,20,100
2011-06-09,MWH,42,6,48,37,133,46,12,58,191
2020-10-24,MWH,0,0,31,0,31,6,0,6,37
2011-06-08,MWH,16,6,71,101,194,116,22,138,332
2020-10-17,MWH,14,0,27,0,41,8,0,8,49
2011-06-16,MWH,16,8,17,137,178,0,0,0,178
2020-10-16,MWH,30,3,15,5,53,9,6,15,68
2011-06-17,MWH,4,9,17,26,56,4,20,24,80
2011-06-25,MWH,16,3,9,27,55,0,0,0,55
2020-10-08,MWH,11,98,19,42,170,386,79,465,635
2011-06-24,MWH,6,5,94,47,152,127,0,127,279
2020-10-09,MWH,64,3,20,11,98,34,30,64,162
2011-06-23,MWH,4,5,94,75,178,366,69,435,613
2020-10-10,MWH,2,3,9,4,18,0,8,8,26
2011-06-22,MWH,10,10,114,32,166,178,20,198,364
2020-10-25,MWH,2,0,28,0,30,46,0,46,76
2020-10-11,MWH,30,1,18,0,49,4,0,4,53
2020-10-12,MWH,15,111,17,0,143,339,0,339,482
2011-06-20,MWH,22,5,98,28,153,150,0,150,303
2020-10-13,MWH,13,57,9,6,85,248,16,264,349
2011-06-19,MWH,6,4,14,8,32,0,0,0,32
2020-10-14,MWH,44,123,27,27,221,316,36,352,573
2011-06-18,MWH,13,2,1,45,61,0,0,0,61
2020-10-15,MWH,23,105,40,34,202,251,33,284,486
2011-06-21,MWH,21,6,118,40,185,158,0,158,343
2011-06-26,MWH,12,4,1,26,43,0,0,0,43
2011-06-07,MWH,6,4,49,89,148,22,38,60,208
2011-06-06,MWH,26,9,59,179,273,134,42,176,449
2020-11-06,MWH,33,0,16,28,77,0,0,0,77
2011-05-26,MWH,0,9,20,103,132,1,0,1,133
2020-11-07,MWH,0,3,17,0,20,18,0,18,38
2011-05-25,MWH,44,6,69,42,161,136,12,148,309
2020-11-08,MWH,0,0,8,12,20,12,0,12,32
2011-05-24,MWH,22,4,47,81,154,54,44,98,252
2020-11-09,MWH,10,84,22,38,154,409,92,501,655
2011-05-23,MWH,31,4,73,87,195,105,60,165,360
2020-11-10,MWH,0,85,14,53,152,420,107,527,679
2011-05-22,MWH,6,0,10,36,52,0,0,0,52
2020-11-11,MWH,16,0,31,0,47,2,0,2,49
2011-05-21,MWH,11,5,11,74,101,0,0,0,101
2020-11-12,MWH,6,14,7,17,44,34,30,64,108
2011-05-20,MWH,6,4,26,121,157,0,25,25,182
2020-11-13,MWH,33,13,7,0,53,0,0,0,53
2011-05-27,MWH,21,9,48,9,87,0,0,0,87
2020-11-05,MWH,23,64,11,21,119,266,16,282,401
2011-05-28,MWH,4,9,9,1,23,0,0,0,23
2020-11-04,MWH,4,56,28,23,111,462,46,508,619
2020-10-27,MWH,10,130,30,31,201,237,40,277,478
2011-06-05,MWH,18,0,6,24,48,0,0,0,48
2020-10-28,MWH,68,89,40,15,212,443,26,469,681
2011-06-04,MWH,12,3,9,51,75,0,14,14,89
2020-10-29,MWH,32,128,23,25,208,242,17,259,467
2011-06-03,MWH,23,5,22,92,142,10,22,32,174
2020-10-30,MWH,18,5,13,9,45,16,0,16,61
2020-10-26,MWH,44,113,24,22,203,423,15,438,641
2011-06-02,MWH,10,5,28,60,103,46,38,84,187
2011-06-01,MWH,14,5,81,60,160,180,12,192,352
2020-11-01,MWH,4,0,23,4,31,35,0,35,66
2011-05-31,MWH,4,4,62,29,99,42,4,46,145
2020-11-02,MWH,24,89,33,29,175,426,54,480,655
2011-05-30,MWH,0,0,14,2,16,40,0,40,56
2020-11-03,MWH,48,78,26,22,174,386,14,400,574
2011-05-29,MWH,0,5,10,0,15,0,0,0,15
2020-10-31,MWH,0,0,36,0,36,24,0,24,60
2021-05-26,MWH,52,115,39,33,239,162,40,202,441
2010-11-06,MWH,0,4,3,12,19,0,0,0,19
2021-05-27,MWH,16,36,17,3,72,87,0,87,159
2021-12-17,MWH,14,2,36,29,81,42,68,110,191
2010-04-15,MWH,16,7,122,71,216,176,10,186,402
2021-12-18,MWH,0,1,5,0,6,0,0,0,6
2010-04-14,MWH,78,7,104,20,209,146,12,158,367
2021-12-19,MWH,1,1,15,0,17,0,0,0,17
2010-04-13,MWH,16,8,18,42,84,26,0,26,110
2021-12-20,MWH,11,0,7,2,20,0,0,0,20
2010-04-12,MWH,40,7,86,41,174,88,18,106,280
2021-12-21,MWH,6,0,3,38,47,0,29,29,76
2010-04-11,MWH,4,3,24,2,33,0,0,0,33
2021-12-22,MWH,0,0,4,0,4,0,0,0,4
2010-04-10,MWH,2,3,15,19,39,0,0,0,39
2021-12-23,MWH,11,1,5,30,47,0,18,18,65
2010-04-09,MWH,42,7,36,2,87,2,0,2,89
2021-12-24,MWH,0,1,7,0,8,0,0,0,8
2010-04-16,MWH,7,6,22,16,51,2,62,64,115
2010-04-08,MWH,0,5,17,10,32,16,4,20,52
2021-12-16,MWH,14,0,11,36,61,0,0,0,61
2021-12-15,MWH,25,9,20,57,111,34,30,64,175
2010-04-25,MWH,0,3,37,3,43,0,0,0,43
2021-12-08,MWH,27,27,19,54,127,32,104,136,263
2010-04-24,MWH,4,2,2,26,34,0,0,0,34
2021-12-09,MWH,23,21,29,50,123,26,82,108,231
2010-04-23,MWH,5,9,24,61,99,5,16,21,120
2021-12-10,MWH,22,4,16,9,51,0,8,8,59
2010-04-22,MWH,6,7,63,37,113,152,0,152,265
2021-12-11,MWH,17,0,1,0,18,0,0,0,18
2010-04-21,MWH,8,10,28,75,121,92,54,146,267
2021-12-12,MWH,4,0,17,8,29,16,0,16,45
2010-04-20,MWH,24,8,71,44,147,118,28,146,293
2021-12-13,MWH,25,6,7,41,79,0,6,6,85
2010-04-19,MWH,49,7,98,62,216,178,46,224,440
2021-12-14,MWH,28,11,16,19,74,4,0,4,78
2010-04-18,MWH,0,3,12,14,29,6,0,6,35
2010-04-17,MWH,6,2,11,2,21,0,0,0,21
2021-12-25,MWH,0,1,4,0,5,2,0,2,7
2010-04-07,MWH,6,9,116,126,257,152,40,192,449
2021-12-26,MWH,4,5,5,0,14,0,0,0,14
2010-03-27,MWH,18,2,14,0,34,0,0,0,34
2022-01-06,MWH,2,0,0,0,2,0,0,0,2
2010-03-26,MWH,8,7,13,42,70,2,8,10,80
2022-01-07,MWH,4,1,21,22,48,2,32,34,82
2010-03-25,MWH,13,8,6,3,30,0,0,0,30
2022-01-08,MWH,2,0,27,2,31,52,0,52,83
2010-03-24,MWH,21,9,20,18,68,0,0,0,68
2022-01-09,MWH,4,2,26,0,32,1,0,1,33
2010-03-23,MWH,16,9,36,18,79,24,0,24,103
2022-01-10,MWH,8,62,14,25,109,349,16,365,474
2010-03-22,MWH,13,6,13,42,74,0,8,8,82
2022-01-11,MWH,8,60,2,1,71,291,0,291,362
2010-03-21,MWH,2,3,4,0,9,0,0,0,9
2022-01-12,MWH,0,96,10,43,149,328,16,344,493
2010-03-20,MWH,35,7,12,23,77,0,0,0,77
2022-01-05,MWH,5,50,9,4,68,144,0,144,212
2010-03-28,MWH,8,3,1,0,12,0,0,0,12
2022-01-04,MWH,0,0,0,0,0,0,0,0,0
2010-03-29,MWH,10,9,53,44,116,173,40,213,329
2010-04-06,MWH,14,7,69,83,173,277,57,334,507
2021-12-27,MWH,0,0,15,4,19,6,0,6,25
2010-04-05,MWH,12,7,34,59,112,70,45,115,227
2021-12-28,MWH,16,1,2,3,22,0,16,16,38
2010-04-04,MWH,0,2,0,0,2,0,0,0,2
2021-12-29,MWH,14,1,20,19,54,14,10,24,78
2010-04-03,MWH,4,2,0,0,6,0,0,0,6
2021-12-07,MWH,20,24,10,46,100,90,0,90,190
2021-12-30,MWH,6,0,1,0,7,0,0,0,7
2021-12-31,MWH,6,0,4,0,10,0,0,0,10
2010-04-01,MWH,20,7,76,34,137,160,62,222,359
2022-01-01,MWH,0,3,6,0,9,0,0,0,9
2010-03-31,MWH,2,10,65,51,128,128,45,173,301
2022-01-02,MWH,9,0,6,0,15,8,0,8,23
2010-03-30,MWH,8,7,55,35,105,190,66,256,361
2022-01-03,MWH,2,2,2,0,6,0,0,0,6
2010-04-02,MWH,0,9,6,16,31,0,12,12,43
2010-04-26,MWH,7,9,68,59,143,52,50,102,245
2021-12-06,MWH,40,62,10,68,180,181,76,257,437
2010-04-27,MWH,0,7,20,32,59,68,34,102,161
2010-05-24,MWH,19,7,55,112,193,70,65,135,328
2021-11-09,MWH,18,49,15,13,95,219,20,239,334
2010-05-23,MWH,57,3,5,0,65,0,0,0,65
2021-11-10,MWH,17,126,32,58,233,441,50,491,724
2010-05-22,MWH,12,2,6,0,20,0,0,0,20
2021-11-11,MWH,15,2,7,0,24,0,0,0,24
2010-05-21,MWH,38,7,8,15,68,0,0,0,68
2021-11-12,MWH,14,1,13,0,28,0,0,0,28
2010-05-20,MWH,27,7,47,43,124,50,16,66,190
2021-11-13,MWH,11,0,24,0,35,16,0,16,51
2010-05-19,MWH,5,7,52,25,89,85,0,85,174
2021-11-14,MWH,9,1,7,0,17,10,0,10,27
2010-05-18,MWH,75,7,21,41,144,6,26,32,176
2021-11-15,MWH,20,32,9,12,73,58,8,66,139
2010-05-17,MWH,18,8,58,37,121,138,22,160,281
2021-11-08,MWH,22,123,23,41,209,404,68,472,681
2010-05-25,MWH,16,7,81,14,118,134,0,134,252
2021-11-07,MWH,4,0,12,0,16,0,0,0,16
2010-05-26,MWH,12,7,54,25,98,98,10,108,206
2010-06-03,MWH,10,7,86,55,158,80,56,136,294
2021-10-30,MWH,0,16,41,0,57,62,0,62,119
2010-06-02,MWH,8,9,11,44,72,0,0,0,72
2021-10-31,MWH,19,0,36,0,55,48,0,48,103
2010-06-01,MWH,10,18,127,51,206,152,46,198,404
2021-11-01,MWH,9,133,15,32,189,427,22,449,638
2010-05-31,MWH,0,5,4,0,9,0,0,0,9
2021-11-16,MWH,33,37,20,17,107,88,16,104,211
2021-11-02,MWH,32,68,13,18,131,314,0,314,445
2021-11-03,MWH,27,44,14,25,110,282,2,284,394
2010-05-29,MWH,6,3,5,1,15,0,0,0,15
2021-11-04,MWH,9,27,16,15,67,186,58,244,311
2010-05-28,MWH,10,9,13,8,40,16,20,36,76
2021-11-05,MWH,27,3,20,21,71,2,50,52,123
2010-05-27,MWH,8,7,47,68,130,82,16,98,228
2021-11-06,MWH,13,0,9,8,30,4,2,6,36
2010-05-30,MWH,16,4,17,0,37,0,0,0,37
2022-01-13,MWH,40,92,36,51,219,340,50,390,609
2010-05-16,MWH,12,3,8,10,33,0,0,0,33
2010-05-15,MWH,8,2,26,8,44,0,0,0,44
2021-11-28,MWH,0,0,13,0,13,4,0,4,17
2010-05-04,MWH,35,7,52,49,143,28,34,62,205
2021-11-29,MWH,0,115,22,52,189,417,88,505,694
2010-05-03,MWH,0,4,3,45,52,0,32,32,84
2021-11-30,MWH,12,123,12,52,199,376,28,404,603
2010-05-02,MWH,61,3,10,0,74,0,0,0,74
2021-12-01,MWH,17,84,27,52,180,129,61,190,370
2010-05-01,MWH,4,2,3,0,9,0,0,0,9
2021-12-02,MWH,25,111,14,46,196,489,60,549,745
2010-04-30,MWH,9,7,9,0,25,0,0,0,25
2021-12-03,MWH,34,23,44,10,111,48,18,66,177
2010-04-29,MWH,13,5,47,20,85,52,42,94,179
2021-12-04,MWH,20,7,18,0,45,18,0,18,63
2010-04-28,MWH,0,8,60,49,117,121,69,190,307
2021-12-05,MWH,5,0,40,2,47,3,0,3,50
2010-05-05,MWH,69,8,101,61,239,81,26,107,346
2021-11-27,MWH,4,2,10,0,16,0,0,0,16
2010-05-06,MWH,51,9,71,56,187,156,0,156,343
2021-11-26,MWH,0,2,25,0,27,44,0,44,71
2021-11-18,MWH,51,69,20,22,162,146,22,168,330
2010-05-14,MWH,10,9,27,28,74,4,0,4,78
2021-11-19,MWH,16,8,12,23,59,0,33,33,92
2010-05-13,MWH,12,8,82,14,116,174,6,180,296
2021-11-20,MWH,11,0,13,0,24,4,0,4,28
2010-05-12,MWH,14,7,113,55,189,132,92,224,413
2021-11-21,MWH,11,4,9,0,24,2,0,2,26
2021-11-17,MWH,42,127,42,36,247,418,64,482,729
2010-05-11,MWH,2,6,103,33,144,43,18,61,205
2010-05-10,MWH,16,7,56,0,79,48,2,50,129
2021-11-23,MWH,10,11,28,8,57,54,4,58,115
2010-05-09,MWH,34,2,10,0,46,6,0,6,52
2021-11-24,MWH,5,1,13,13,32,12,12,24,56
2010-05-08,MWH,16,1,8,16,41,0,17,17,58
2021-11-25,MWH,0,2,12,0,14,24,0,24,38
2010-05-07,MWH,84,10,60,72,226,10,36,46,272
2021-11-22,MWH,16,6,1,4,27,0,0,0,27
2021-10-29,MWH,27,3,14,13,57,0,12,12,69
2010-03-19,MWH,22,7,20,14,63,0,0,0,63
2010-03-18,MWH,12,10,43,9,74,82,40,122,196
2010-01-28,MWH,4,13,96,27,140,370,25,395,535
2022-03-05,MWH,6,2,25,8,41,20,0,20,61
2010-01-27,MWH,17,7,93,31,148,142,8,150,298
2022-03-06,MWH,11,8,15,11,45,4,10,14,59
2010-01-26,MWH,12,6,62,12,92,148,0,148,240
2022-03-07,MWH,29,146,26,6,207,272,0,272,479
2010-01-25,MWH,12,8,3,4,27,0,0,0,27
2022-03-08,MWH,53,79,17,42,191,216,36,252,443
2010-01-24,MWH,0,3,3,6,12,4,0,4,16
2022-03-09,MWH,38,110,26,25,199,192,8,200,399
2010-01-23,MWH,3,2,25,6,36,10,0,10,46
2022-03-10,MWH,5,122,37,20,184,254,16,270,454
2010-01-22,MWH,3,6,21,21,51,7,0,7,58
2022-03-11,MWH,57,7,44,18,126,18,18,36,162
2010-01-21,MWH,18,7,114,49,188,151,30,181,369
2022-03-04,MWH,21,11,48,8,88,28,6,34,122
2022-03-12,MWH,11,5,54,0,70,38,0,38,108
2010-01-29,MWH,7,12,20,23,62,0,0,0,62
2010-01-30,MWH,0,9,13,8,30,0,0,0,30
2022-02-23,MWH,8,125,42,36,211,212,48,260,471
2010-02-06,MWH,8,3,13,11,35,0,0,0,35
2022-02-24,MWH,0,2,28,16,46,2,46,48,94
2010-02-05,MWH,14,9,7,2,32,0,0,0,32
2022-02-25,MWH,10,1,31,30,72,46,38,84,156
2010-02-04,MWH,5,6,61,44,116,247,44,291,407
2022-02-26,MWH,12,0,42,0,54,20,0,20,74
2010-02-03,MWH,2,8,58,58,126,162,54,216,342
2022-02-27,MWH,6,0,12,0,18,12,0,12,30
2010-02-02,MWH,0,6,16,25,47,0,8,8,55
2022-02-28,MWH,10,1,5,4,20,0,1,1,21
2010-02-01,MWH,14,7,14,42,77,0,0,0,77
2022-03-01,MWH,53,127,9,21,210,232,32,264,474
2010-01-31,MWH,0,3,3,3,9,16,0,16,25
2022-03-02,MWH,14,77,28,84,203,312,89,401,604
2022-03-03,MWH,13,89,40,33,175,172,44,216,391
2010-01-20,MWH,12,7,97,46,162,148,24,172,334
2022-03-13,MWH,8,2,15,0,25,0,0,0,25
2010-01-19,MWH,17,7,104,17,145,196,24,220,365
2022-03-24,MWH,59,23,30,9,121,66,30,96,217
2010-01-08,MWH,17,7,15,42,81,0,38,38,119
2022-03-25,MWH,25,17,27,8,77,20,40,60,137
2010-01-07,MWH,18,6,81,31,136,90,32,122,258
2022-03-26,MWH,8,0,28,19,55,38,61,99,154
2010-01-06,MWH,20,7,52,143,222,100,92,192,414
2022-03-27,MWH,16,1,23,7,47,4,18,22,69
2010-01-05,MWH,7,7,46,38,98,156,4,160,258
2022-03-28,MWH,26,9,14,88,137,13,68,81,218
2010-01-04,MWH,0,9,3,0,12,0,0,0,12
2022-03-29,MWH,5,3,27,29,64,40,26,66,130
2010-01-03,MWH,0,3,0,0,3,0,0,0,3
2022-03-30,MWH,42,2,31,12,87,5,24,29,116
2010-01-02,MWH,0,5,0,0,5,0,0,0,5
2022-03-31,MWH,5,5,55,11,76,4,6,10,86
2010-01-09,MWH,0,1,1,4,6,0,0,0,6
2022-03-23,MWH,18,31,19,38,106,68,88,156,262
2010-01-10,MWH,0,2,3,0,5,0,0,0,5
2022-03-22,MWH,40,41,27,46,154,92,68,160,314
2022-03-14,MWH,12,91,14,37,154,232,40,272,426
2010-01-18,MWH,20,7,5,10,42,0,0,0,42
2022-03-15,MWH,20,59,23,33,135,173,29,202,337
2010-01-17,MWH,0,5,0,0,5,0,0,0,5
2022-03-16,MWH,26,108,47,12,193,189,14,203,396
2010-01-16,MWH,0,5,1,4,10,0,8,8,18
2022-03-17,MWH,25,0,39,8,72,22,16,38,110
2010-02-07,MWH,50,2,17,15,84,20,16,36,120
2010-01-15,MWH,17,9,14,109,149,0,62,62,211
2010-01-14,MWH,30,7,83,64,184,90,52,142,326
2022-03-19,MWH,13,1,11,2,27,38,8,46,73
2010-01-13,MWH,6,6,22,40,74,20,14,34,108
2022-03-20,MWH,0,0,29,0,29,8,0,8,37
2010-01-12,MWH,6,7,71,18,102,108,11,119,221
2022-03-21,MWH,19,21,10,36,86,36,64,100,186
2010-01-11,MWH,0,13,29,18,60,100,22,122,182
2022-03-18,MWH,6,0,29,47,82,19,40,59,141
2022-02-22,MWH,7,26,9,22,64,50,43,93,157
2010-02-08,MWH,37,10,19,18,84,102,16,118,202
2022-02-21,MWH,9,0,5,0,14,0,0,0,14
2022-01-25,MWH,17,2,5,3,27,0,0,0,27
2010-03-07,MWH,2,3,26,19,50,20,4,24,74
2022-01-26,MWH,16,10,10,28,64,166,0,166,230
2010-03-06,MWH,11,2,31,0,44,0,0,0,44
2022-01-27,MWH,12,48,10,12,82,306,7,313,395
2010-03-05,MWH,25,7,35,37,104,64,56,120,224
2022-01-28,MWH,21,0,12,6,39,21,0,21,60
2010-03-04,MWH,8,7,75,74,164,168,52,220,384
2022-01-29,MWH,4,1,6,2,13,0,0,0,13
2010-03-03,MWH,12,6,30,22,70,24,0,24,94
2022-01-30,MWH,4,1,3,0,8,0,0,0,8
2010-03-02,MWH,19,10,92,42,163,242,26,268,431
2022-01-31,MWH,2,105,39,79,225,314,95,409,634
2010-03-01,MWH,18,7,92,97,214,76,62,138,352
2022-02-01,MWH,54,122,31,46,253,276,24,300,553
2010-03-08,MWH,26,7,34,59,126,62,26,88,214
2022-01-24,MWH,7,1,0,0,8,0,0,0,8
2010-03-09,MWH,18,7,104,21,150,179,14,193,343
2022-01-23,MWH,2,0,2,0,4,0,0,0,4
2022-01-15,MWH,6,1,0,0,7,0,0,0,7
2010-03-17,MWH,20,8,46,38,112,58,2,60,172
2022-01-16,MWH,4,4,4,0,12,0,0,0,12
2010-03-16,MWH,27,6,69,12,114,78,24,102,216
2022-01-17,MWH,9,0,10,0,19,0,0,0,19
2010-03-15,MWH,32,10,58,12,112,66,0,66,178
2022-01-18,MWH,0,3,15,2,20,2,0,2,22
2010-02-28,MWH,9,3,15,3,30,0,0,0,30
2010-03-14,MWH,29,4,12,11,56,0,12,12,68
2010-03-13,MWH,6,2,38,3,49,0,0,0,49
2022-01-20,MWH,2,1,3,4,10,0,0,0,10
2010-03-12,MWH,19,11,14,23,67,0,4,4,71
2022-01-21,MWH,27,0,38,23,88,14,26,40,128
2010-03-11,MWH,4,14,37,71,126,122,38,160,286
2022-01-22,MWH,4,0,2,0,6,0,0,0,6
2010-03-10,MWH,24,9,85,24,142,138,8,146,288
2022-01-19,MWH,14,1,9,3,27,0,0,0,27
2022-01-14,MWH,6,0,2,0,8,0,0,0,8
2022-02-02,MWH,26,105,19,55,205,264,29,293,498
2022-02-03,MWH,52,80,34,32,198,171,20,191,389
2010-02-16,MWH,0,17,18,30,65,35,2,37,102
2022-02-14,MWH,22,128,17,35,202,308,46,354,556
2010-02-15,MWH,8,6,13,2,29,0,0,0,29
2022-02-15,MWH,3,138,24,29,194,240,47,287,481
2010-02-14,MWH,0,3,6,2,11,0,0,0,11
2022-02-16,MWH,20,117,43,53,233,182,80,262,495
2010-02-13,MWH,0,2,0,0,2,0,0,0,2
2022-02-17,MWH,7,108,35,36,186,220,62,282,468
2010-02-12,MWH,5,7,6,28,46,0,0,0,46
2022-02-18,MWH,6,4,40,15,65,62,50,112,177
2010-02-11,MWH,21,11,4,30,66,0,0,0,66
2022-02-19,MWH,7,1,25,0,33,20,0,20,53
2010-02-10,MWH,27,9,83,161,280,119,154,273,553
2022-02-20,MWH,0,1,15,0,16,11,0,11,27
2010-02-09,MWH,15,7,86,69,177,134,56,190,367
2022-02-13,MWH,4,8,7,0,19,4,0,4,23
2010-02-17,MWH,38,7,67,43,155,145,25,170,325
2022-02-12,MWH,8,3,50,2,63,16,0,16,79
2010-02-18,MWH,10,14,85,41,150,108,80,188,338
2010-02-26,MWH,15,10,16,31,72,0,0,0,72
2022-02-04,MWH,15,1,21,25,62,2,0,2,64
2010-02-25,MWH,28,12,65,40,145,97,69,166,311
2022-02-05,MWH,5,0,15,0,20,0,0,0,20
2010-02-24,MWH,46,8,56,75,185,215,42,257,442
2022-02-06,MWH,2,1,12,0,15,10,0,10,25
2010-02-23,MWH,4,8,94,9,115,113,12,125,240
2010-02-27,MWH,5,12,11,6,34,0,0,0,34
2022-02-07,MWH,0,27,21,46,94,102,50,152,246
2022-02-08,MWH,18,117,38,20,193,208,106,314,507
2010-02-21,MWH,1,3,17,0,21,0,0,0,21
2022-02-09,MWH,19,114,37,17,187,190,13,203,390
2010-02-20,MWH,16,2,27,1,46,0,0,0,46
2022-02-10,MWH,17,114,39,65,235,253,90,343,578
2010-02-19,MWH,7,9,45,26,87,4,60,64,151
2022-02-11,MWH,31,4,70,18,123,118,10,128,251
2010-02-22,MWH,18,17,125,47,207,118,28,146,353
2011-09-11,MWH,4,7,8,9,28,0,0,0,28
2010-06-04,MWH,6,11,7,61,85,8,22,30,115
2010-06-05,MWH,10,2,24,0,36,0,0,0,36
2021-07-15,MWH,27,119,42,15,203,285,12,297,500
2010-09-17,MWH,17,6,20,27,70,10,28,38,108
2021-07-16,MWH,58,141,47,13,259,270,0,270,529
2010-09-16,MWH,12,6,47,34,99,84,12,96,195
2021-07-17,MWH,47,12,35,15,109,26,0,26,135
2010-09-15,MWH,12,6,48,87,153,18,13,31,184
2021-07-18,MWH,35,2,28,17,82,4,6,10,92
2010-09-14,MWH,14,4,56,44,118,16,40,56,174
2021-07-19,MWH,29,151,31,49,260,330,54,384,644
2010-09-13,MWH,50,6,26,60,142,2,4,6,148
2021-07-20,MWH,37,125,19,9,190,186,0,186,376
2010-09-12,MWH,38,0,15,2,55,0,0,0,55
2021-07-21,MWH,18,117,33,59,227,177,32,209,436
2010-09-11,MWH,16,2,12,8,38,24,20,44,82
2021-07-22,MWH,48,93,27,21,189,251,0,251,440
2010-09-18,MWH,18,2,16,0,36,0,0,0,36
2010-09-10,MWH,4,4,14,20,42,0,18,18,60
2021-07-14,MWH,76,115,50,28,269,326,15,341,610
2021-07-13,MWH,54,142,17,22,235,414,44,458,693
2010-09-27,MWH,21,6,85,61,173,118,76,194,367
2021-07-06,MWH,21,123,34,38,216,381,36,417,633
2010-09-26,MWH,12,0,19,3,34,0,0,0,34
2021-07-07,MWH,14,86,28,26,154,336,12,348,502
2010-09-25,MWH,9,6,17,0,32,0,0,0,32
2021-07-08,MWH,96,185,31,79,391,396,49,445,836
2010-09-24,MWH,8,4,13,44,69,0,18,18,87
2021-07-09,MWH,55,148,57,35,295,272,10,282,577
2010-09-23,MWH,30,4,61,56,151,160,34,194,345
2021-07-10,MWH,8,13,20,1,42,0,0,0,42
2010-09-22,MWH,16,7,109,46,178,309,34,343,521
2021-07-11,MWH,29,5,16,6,56,2,0,2,58
2010-09-21,MWH,50,4,64,45,163,96,16,112,275
2021-07-12,MWH,17,157,21,29,224,213,56,269,493
2010-09-20,MWH,6,6,61,80,153,76,34,110,263
2010-09-19,MWH,6,2,1,1,10,0,0,0,10
2021-07-23,MWH,69,86,24,38,217,252,20,272,489
2010-09-09,MWH,42,4,29,27,102,6,2,8,110
2021-07-24,MWH,76,4,17,0,97,24,0,24,121
2010-08-29,MWH,30,0,4,0,34,0,0,0,34
2021-08-04,MWH,92,87,21,62,262,176,40,216,478
2010-08-28,MWH,0,2,5,6,13,0,0,0,13
2021-08-05,MWH,101,54,38,37,230,168,44,212,442
2010-08-27,MWH,11,6,16,70,103,14,56,70,173
2021-08-06,MWH,65,26,18,17,126,34,8,42,168
2010-08-26,MWH,36,13,41,52,142,4,32,36,178
2021-08-07,MWH,76,5,37,23,141,13,0,13,154
2010-08-25,MWH,84,10,24,28,146,9,24,33,179
2021-08-08,MWH,55,13,23,8,99,0,0,0,99
2010-08-24,MWH,4,6,21,7,38,0,0,0,38
2021-08-09,MWH,61,11,24,58,154,43,34,77,231
2010-08-23,MWH,34,6,19,42,101,0,18,18,119
2021-08-10,MWH,111,13,46,49,219,28,42,70,289
2010-08-22,MWH,7,2,7,12,28,0,0,0,28
2021-08-03,MWH,59,84,32,51,226,281,38,319,545
2010-08-30,MWH,12,4,24,52,92,10,28,38,130
2021-08-02,MWH,12,3,15,16,46,0,0,0,46
2010-08-31,MWH,40,4,18,147,209,16,32,48,257
2010-09-08,MWH,48,4,14,29,95,0,10,10,105
2021-07-25,MWH,31,9,25,3,68,66,0,66,134
2010-09-07,MWH,8,10,14,37,69,0,8,8,77
2021-07-26,MWH,27,120,25,33,205,282,18,300,505
2010-09-06,MWH,18,2,3,0,23,1,0,1,24
2021-07-27,MWH,18,126,26,30,200,394,6,400,600
2010-09-05,MWH,8,3,12,0,23,0,0,0,23
2021-07-05,MWH,21,14,17,7,59,14,0,14,73
2021-07-28,MWH,32,116,31,35,214,256,34,290,504
2021-07-29,MWH,51,132,20,43,246,268,74,342,588
2010-09-03,MWH,12,6,20,1,39,0,0,0,39
2021-07-30,MWH,62,79,17,31,189,224,18,242,431
2010-09-02,MWH,12,4,17,40,73,0,20,20,93
2021-07-31,MWH,45,5,11,18,79,0,0,0,79
2010-09-01,MWH,32,4,24,96,156,4,12,16,172
2021-08-01,MWH,4,0,9,0,13,0,0,0,13
2010-09-04,MWH,4,2,5,0,11,0,0,0,11
2010-09-28,MWH,4,4,65,80,153,96,50,146,299
2021-07-04,MWH,2,1,10,0,13,0,0,0,13
2010-09-29,MWH,6,20,145,81,252,112,24,136,388
2010-10-26,MWH,10,6,84,2,102,211,0,211,313
2021-06-07,MWH,26,103,38,38,205,275,34,309,514
2010-10-25,MWH,11,4,52,46,113,206,32,238,351
2021-06-08,MWH,19,131,17,45,212,252,8,260,472
2010-10-24,MWH,2,2,0,0,4,0,0,0,4
2021-06-09,MWH,16,123,12,13,164,202,6,208,372
2010-10-23,MWH,2,2,2,0,6,0,0,0,6
2021-06-10,MWH,17,73,18,5,113,156,10,166,279
2010-10-22,MWH,36,6,20,15,77,2,10,12,89
2021-06-11,MWH,6,0,25,4,35,10,0,10,45
2010-10-21,MWH,8,5,83,21,117,218,42,260,377
2021-06-12,MWH,4,0,35,0,39,40,0,40,79
2010-10-20,MWH,9,15,85,114,223,320,92,412,635
2021-06-13,MWH,0,0,16,4,20,2,0,2,22
2010-10-19,MWH,21,9,88,7,125,264,0,264,389
2021-06-06,MWH,6,4,24,0,34,2,0,2,36
2010-10-27,MWH,24,11,72,47,154,154,34,188,342
2021-06-05,MWH,2,0,5,0,7,0,0,0,7
2010-10-28,MWH,10,4,70,28,112,188,0,188,300
2010-11-05,MWH,19,6,7,66,98,0,30,30,128
2021-05-28,MWH,27,0,34,1,62,0,0,0,62
2010-11-04,MWH,10,5,55,30,100,70,8,78,178
2021-05-29,MWH,7,0,16,0,23,22,0,22,45
2010-11-03,MWH,19,12,76,101,208,137,32,169,377
2021-05-30,MWH,6,1,19,0,26,18,0,18,44
2010-11-02,MWH,36,4,79,0,119,394,0,394,513
2021-06-14,MWH,31,67,4,40,142,76,67,143,285
2021-05-31,MWH,0,2,21,0,23,4,0,4,27
2021-06-01,MWH,36,98,10,27,171,264,28,292,463
2010-10-31,MWH,14,1,0,12,27,0,0,0,27
2021-06-02,MWH,50,93,38,38,219,186,30,216,435
2010-10-30,MWH,0,3,2,0,5,0,0,0,5
2021-06-03,MWH,36,108,21,24,189,150,39,189,378
2010-10-29,MWH,2,7,15,24,48,0,0,0,48
2021-06-04,MWH,40,1,14,7,62,2,4,6,68
2010-11-01,MWH,56,4,57,57,174,212,10,222,396
2021-08-11,MWH,115,12,46,52,225,35,48,83,308
2010-10-18,MWH,18,6,67,18,109,336,24,360,469
2010-10-17,MWH,7,2,7,0,16,0,0,0,16
2021-06-26,MWH,19,0,12,0,31,0,0,0,31
2010-10-06,MWH,16,6,94,74,190,334,52,386,576
2021-06-27,MWH,9,3,14,0,26,0,0,0,26
2010-10-05,MWH,37,7,92,35,171,142,52,194,365
2021-06-28,MWH,20,40,13,1,74,90,0,90,164
2010-10-04,MWH,5,5,71,59,140,132,30,162,302
2021-06-29,MWH,23,82,16,10,131,176,20,196,327
2010-10-03,MWH,0,2,5,0,7,0,0,0,7
2021-06-30,MWH,16,116,17,12,161,293,27,320,481
2010-10-02,MWH,4,2,20,3,29,0,0,0,29
2021-07-01,MWH,34,137,27,34,232,271,16,287,519
2010-10-01,MWH,17,6,11,23,57,0,12,12,69
2021-07-02,MWH,19,143,22,16,200,302,0,302,502
2010-09-30,MWH,11,10,99,39,159,174,32,206,365
2021-07-03,MWH,20,9,20,0,49,0,0,0,49
2010-10-07,MWH,28,10,70,51,159,204,0,204,363
2021-06-25,MWH,40,0,11,3,54,0,12,12,66
2010-10-08,MWH,0,6,16,47,69,0,34,34,103
2021-06-24,MWH,38,0,12,19,69,31,13,44,113
2021-06-16,MWH,20,46,62,19,147,132,20,152,299
2010-10-16,MWH,6,2,6,0,14,0,0,0,14
2021-06-17,MWH,14,13,24,18,69,4,27,31,100
2010-10-15,MWH,4,4,16,37,61,0,6,6,67
2021-06-18,MWH,16,4,26,2,48,2,0,2,50
2010-10-14,MWH,25,22,56,26,129,217,6,223,352
2021-06-19,MWH,0,0,35,5,40,2,0,2,42
2021-06-15,MWH,13,57,19,18,107,130,30,160,267
2010-10-13,MWH,18,12,96,45,171,326,44,370,541
2010-10-12,MWH,20,12,90,65,187,243,25,268,455
2021-06-21,MWH,14,0,12,11,37,8,0,8,45
2010-10-11,MWH,12,4,65,0,81,276,0,276,357
2021-06-22,MWH,27,1,16,11,55,16,16,32,87
2010-10-10,MWH,4,0,9,0,13,0,0,0,13
2021-06-23,MWH,26,2,22,27,77,50,38,88,165
2010-10-09,MWH,12,2,4,0,18,0,0,0,18
2021-06-20,MWH,0,0,15,5,20,2,0,2,22
2021-10-28,MWH,9,85,9,32,135,330,12,342,477
2010-08-21,MWH,18,2,11,17,48,0,0,0,48
2010-08-20,MWH,13,7,14,15,49,4,3,7,56
2010-07-02,MWH,57,4,39,19,119,86,16,102,221
2021-10-01,MWH,9,6,35,8,58,14,12,26,84
2010-07-01,MWH,0,4,64,31,99,134,66,200,299
2021-10-02,MWH,0,0,18,5,23,24,0,24,47
2010-06-30,MWH,0,4,64,28,96,99,12,111,207
2021-10-03,MWH,0,1,16,0,17,32,0,32,49
2010-06-29,MWH,48,5,77,26,156,207,22,229,385
2021-10-04,MWH,18,111,32,30,191,418,48,466,657
2010-06-28,MWH,54,4,67,55,180,108,30,138,318
2021-10-05,MWH,32,89,16,46,183,288,64,352,535
2010-06-27,MWH,12,0,6,6,24,0,0,0,24
2021-10-06,MWH,26,95,42,53,216,381,48,429,645
2010-06-26,MWH,2,2,10,1,15,0,0,0,15
2021-10-07,MWH,6,31,25,49,111,0,0,0,111
2010-06-25,MWH,16,11,75,36,138,88,56,144,282
2021-09-30,MWH,32,118,17,3,170,508,6,514,684
2021-10-08,MWH,36,5,21,12,74,2,12,14,88
2010-07-03,MWH,2,4,18,2,26,0,0,0,26
2010-07-04,MWH,0,0,1,0,1,0,0,0,1
2021-09-21,MWH,41,96,34,52,223,325,46,371,594
2010-07-11,MWH,0,2,12,0,14,0,0,0,14
2021-09-22,MWH,12,105,38,54,209,348,48,396,605
2010-07-10,MWH,16,9,32,37,94,6,56,62,156
2021-09-23,MWH,23,88,25,41,177,455,98,553,730
2010-07-09,MWH,4,10,60,108,182,77,48,125,307
2021-09-24,MWH,138,5,23,9,175,26,8,34,209
2010-07-08,MWH,2,5,62,81,150,70,28,98,248
2021-09-25,MWH,14,0,17,0,31,0,0,0,31
2010-07-07,MWH,28,4,52,130,214,96,22,118,332
2021-09-26,MWH,18,12,17,2,49,0,0,0,49
2010-07-06,MWH,6,4,71,110,191,88,74,162,353
2021-09-27,MWH,34,71,8,25,138,306,35,341,479
2010-07-05,MWH,0,0,13,0,13,0,0,0,13
2021-09-28,MWH,27,84,16,13,140,369,50,419,559
2021-09-29,MWH,28,127,21,13,189,480,2,482,671
2010-06-24,MWH,4,5,75,16,100,151,2,153,253
2021-10-09,MWH,28,1,19,7,55,19,15,34,89
2010-06-23,MWH,20,4,96,40,160,89,35,124,284
2021-10-20,MWH,18,83,7,11,119,320,0,320,439
2010-06-12,MWH,5,4,12,0,21,0,0,0,21
2021-10-21,MWH,32,79,10,72,193,314,56,370,563
2010-06-11,MWH,15,8,28,45,96,8,36,44,140
2021-10-22,MWH,12,1,11,0,24,0,0,0,24
2010-06-10,MWH,13,5,41,17,76,56,0,56,132
2021-10-23,MWH,24,1,14,0,39,27,0,27,66
2010-06-09,MWH,18,6,54,17,95,63,6,69,164
2021-10-24,MWH,1,3,4,0,8,0,0,0,8
2010-06-08,MWH,16,8,100,6,130,142,4,146,276
2021-10-25,MWH,15,118,10,71,214,321,60,381,595
2010-06-07,MWH,29,7,93,19,148,58,8,66,214
2021-10-26,MWH,27,95,7,15,144,281,29,310,454
2010-06-06,MWH,4,3,3,5,15,0,6,6,21
2021-10-27,MWH,18,97,20,7,142,274,0,274,416
2010-06-13,MWH,0,0,8,14,22,0,8,8,30
2021-10-19,MWH,16,127,23,16,182,352,2,354,536
2010-06-14,MWH,0,5,11,2,18,0,14,14,32
2021-10-18,MWH,42,109,17,43,211,441,48,489,700
2021-10-10,MWH,4,0,5,0,9,2,0,2,11
2010-06-22,MWH,11,7,94,5,117,223,0,223,340
2021-10-11,MWH,29,98,26,0,153,284,0,284,437
2010-06-21,MWH,50,7,71,38,166,112,18,130,296
2021-10-12,MWH,23,93,17,42,175,345,20,365,540
2010-06-20,MWH,16,0,13,0,29,0,0,0,29
2021-10-13,MWH,19,82,10,19,130,376,4,380,510
2010-07-12,MWH,16,6,32,41,95,130,30,160,255
2010-06-19,MWH,0,6,7,0,13,0,0,0,13
2010-06-18,MWH,8,5,15,9,37,6,8,14,51
2021-10-15,MWH,36,19,34,26,115,10,0,10,125
2010-06-17,MWH,15,6,15,44,80,0,32,32,112
2021-10-16,MWH,12,4,34,0,50,19,0,19,69
2010-06-16,MWH,17,6,24,33,80,14,28,42,122
2021-10-17,MWH,0,2,15,2,19,22,0,22,41
2010-06-15,MWH,4,6,30,46,86,0,50,50,136
2021-10-14,MWH,0,104,18,38,160,241,26,267,427
2021-09-20,MWH,12,96,36,23,167,299,26,325,492
2010-07-13,MWH,12,4,84,19,119,126,0,126,245
2021-09-19,MWH,8,1,12,2,23,2,10,12,35
2021-08-23,MWH,46,2,28,10,86,13,15,28,114
2010-08-09,MWH,23,4,29,99,155,0,38,38,193
2021-08-24,MWH,54,6,46,17,123,32,16,48,171
2010-08-08,MWH,4,2,10,2,18,0,0,0,18
2021-08-25,MWH,13,6,46,8,73,12,0,12,85
2010-08-07,MWH,5,2,11,0,18,0,0,0,18
2021-08-26,MWH,54,16,29,29,128,72,56,128,256
2010-08-06,MWH,10,7,34,6,57,0,8,8,65
2021-08-27,MWH,62,4,37,22,125,4,28,32,157
2010-08-05,MWH,3,4,35,37,79,4,22,26,105
2021-08-28,MWH,28,0,18,1,47,0,0,0,47
2010-08-04,MWH,19,10,15,131,175,0,46,46,221
2021-08-29,MWH,27,9,22,3,61,12,0,12,73
2010-08-03,MWH,52,4,24,51,131,0,54,54,185
2021-08-30,MWH,14,11,28,6,59,0,6,6,65
2010-08-10,MWH,2,4,13,27,46,0,8,8,54
2021-08-22,MWH,11,2,9,1,23,0,0,0,23
2010-08-11,MWH,51,4,28,47,130,3,8,11,141
2021-08-21,MWH,6,9,23,1,39,46,0,46,85
2021-08-13,MWH,28,0,20,3,51,0,0,0,51
2010-08-19,MWH,18,10,20,63,111,4,73,77,188
2021-08-14,MWH,8,0,6,2,16,0,0,0,16
2010-08-18,MWH,6,6,25,28,65,8,0,8,73
2021-08-15,MWH,63,5,24,10,102,4,0,4,106
2010-08-17,MWH,1,8,31,19,59,2,12,14,73
2021-08-16,MWH,63,28,38,31,160,10,38,48,208
2010-08-02,MWH,22,4,16,113,155,1,26,27,182
2010-08-16,MWH,0,5,15,38,58,14,8,22,80
2010-08-15,MWH,6,0,9,2,17,0,0,0,17
2021-08-18,MWH,88,3,52,18,161,14,18,32,193
2010-08-14,MWH,14,2,17,26,59,0,0,0,59
2021-08-19,MWH,58,13,47,18,136,56,56,112,248
2010-08-13,MWH,52,4,13,16,85,0,4,4,89
2021-08-20,MWH,46,0,40,14,100,22,50,72,172
2010-08-12,MWH,46,4,32,92,174,4,46,50,224
2021-08-17,MWH,27,9,20,8,64,28,24,52,116
2021-08-12,MWH,26,4,25,11,66,0,4,4,70
2021-08-31,MWH,19,6,23,8,56,8,28,36,92
2021-09-01,MWH,26,3,34,22,85,0,26,26,111
2010-07-21,MWH,4,6,47,13,70,100,10,110,180
2021-09-12,MWH,0,0,23,0,23,0,0,0,23
2010-07-20,MWH,19,11,54,49,133,178,36,214,347
2021-09-13,MWH,21,5,25,52,103,12,70,82,185
2010-07-19,MWH,21,4,51,45,121,40,32,72,193
2021-09-14,MWH,49,47,27,30,153,226,45,271,424
2010-07-18,MWH,2,4,14,7,27,0,0,0,27
2021-09-15,MWH,30,73,30,12,145,189,18,207,352
2010-07-17,MWH,2,2,12,2,18,0,0,0,18
2021-09-16,MWH,42,58,33,24,157,206,34,240,397
2010-07-16,MWH,2,4,87,37,130,196,52,248,378
2021-09-17,MWH,59,14,19,17,109,60,20,80,189
2010-07-15,MWH,2,8,77,20,107,76,42,118,225
2021-09-18,MWH,8,0,15,0,23,2,0,2,25
2010-07-14,MWH,15,6,83,68,172,110,26,136,308
2021-09-11,MWH,0,4,17,5,26,22,0,22,48
2010-07-22,MWH,4,4,60,18,86,256,0,256,342
2021-09-10,MWH,11,14,24,0,49,45,0,45,94
2010-07-23,MWH,3,8,66,34,111,136,12,148,259
2010-07-31,MWH,0,2,9,0,11,0,0,0,11
2021-09-02,MWH,35,9,18,16,78,2,14,16,94
2010-07-30,MWH,2,4,37,96,139,2,38,40,179
2021-09-03,MWH,29,2,34,2,67,4,0,4,71
2010-07-29,MWH,3,4,47,26,80,39,0,39,119
2021-09-04,MWH,0,8,10,8,26,6,3,9,35
2010-07-28,MWH,0,7,47,49,103,94,54,148,251
2010-08-01,MWH,24,0,12,12,48,0,0,0,48
2021-09-05,MWH,3,6,18,0,27,0,0,0,27
2021-09-06,MWH,4,2,20,0,26,2,0,2,28
2010-07-26,MWH,22,4,39,67,132,108,42,150,282
2021-09-07,MWH,2,13,30,36,81,15,26,41,122
2010-07-25,MWH,76,0,14,2,92,0,0,0,92
2021-09-08,MWH,22,5,24,45,96,4,40,44,140
2010-07-24,MWH,64,1,10,2,77,0,0,0,77
2021-09-09,MWH,8,5,44,45,102,12,55,67,169
2010-07-27,MWH,15,6,42,9,72,158,21,179,251
2020-07-21,MWH,10,126,19,6,161,148,2,150,311
2016-02-15,MWH,26,4,3,0,33,0,0,0,33
2020-05-05,MWH,21,5,25,12,63,0,6,6,69
2020-06-09,MWH,0,66,18,2,86,118,0,118,204
2020-05-06,MWH,0,2,5,0,7,0,0,0,7
2012-03-04,MWH,0,2,8,4,14,0,0,0,14
2019-11-22,MWH,5,0,12,2,19,0,0,0,19
2011-12-25,MWH,0,1,0,0,1,0,0,0,1
2019-12-19,MWH,5,2,0,1,8,0,0,0,8
2012-01-16,MWH,2,4,12,0,18,0,0,0,18
2012-05-10,MWH,5,10,54,7,76,0,0,0,76
2020-01-11,MWH,2,3,15,0,20,0,0,0,20
2020-06-08,MWH,2,51,15,14,82,106,0,106,188
2020-03-17,MWH,6,59,21,0,86,94,0,94,180
2020-01-28,MWH,2,6,14,8,30,0,2,2,32
2011-11-26,MWH,2,21,12,0,35,0,0,0,35
2019-11-23,MWH,6,0,1,1,8,0,0,0,8
2011-10-24,MWH,13,9,75,75,172,98,16,114,286
2012-05-11,MWH,3,12,35,0,50,0,0,0,50
2011-10-23,MWH,0,4,2,5,11,0,0,0,11
2012-04-13,MWH,10,10,37,18,75,0,0,0,75
2012-01-17,MWH,14,6,8,2,30,0,0,0,30
2011-10-21,MWH,19,6,7,26,58,0,0,0,58
2012-03-22,MWH,3,8,22,28,61,0,0,0,61
2019-11-20,MWH,3,63,32,14,112,185,4,189,301
2020-06-11,MWH,13,94,28,5,140,265,2,267,407
2012-05-12,MWH,3,0,15,8,26,0,0,0,26
2020-02-19,MWH,2,98,34,42,176,293,20,313,489
2020-04-08,MWH,0,2,12,5,19,3,0,3,22
2012-03-03,MWH,0,2,0,3,5,0,0,0,5
2011-10-22,MWH,4,7,6,15,32,0,0,0,32
2020-03-16,MWH,4,65,38,22,129,166,46,212,341
2011-11-27,MWH,4,0,0,0,4,0,0,0,4
2020-06-10,MWH,10,56,32,8,106,152,10,162,268
2019-11-21,MWH,44,104,28,6,182,345,6,351,533
2020-01-29,MWH,2,6,11,1,20,0,0,0,20
2012-01-15,MWH,3,5,0,0,8,0,0,0,8
2011-10-25,MWH,51,11,65,64,191,66,0,66,257
2020-04-07,MWH,0,2,13,18,33,14,32,46,79
2012-03-21,MWH,5,6,11,11,33,0,0,0,33
2012-03-06,MWH,11,4,44,28,87,0,0,0,87
2012-01-13,MWH,10,6,14,54,84,0,0,0,84
2012-05-07,MWH,4,11,134,7,156,0,0,0,156
2020-01-12,MWH,0,0,3,0,3,0,0,0,3
2011-10-28,MWH,8,11,29,67,115,0,0,0,115
2020-06-04,MWH,0,90,30,8,128,204,2,206,334
2020-01-02,MWH,0,4,11,0,15,4,0,4,19
2020-01-26,MWH,0,1,16,0,17,0,0,0,17
2020-05-08,MWH,1,2,18,3,24,0,0,0,24
2019-11-26,MWH,11,3,25,4,43,0,0,0,43
2012-04-15,MWH,1,2,13,2,18,0,0,0,18
2020-03-20,MWH,12,2,25,0,39,30,0,30,69
2011-10-29,MWH,0,3,33,5,41,0,0,0,41
2012-05-06,MWH,6,2,12,4,24,0,0,0,24
2020-04-06,MWH,0,3,7,14,24,0,0,0,24
2019-11-25,MWH,41,3,22,9,75,18,8,26,101
2020-01-30,MWH,2,2,10,0,14,0,0,0,14
2020-06-05,MWH,1,5,22,11,39,62,0,62,101
2020-03-19,MWH,4,4,15,0,23,18,0,18,41
2012-05-09,MWH,6,7,39,14,66,0,0,0,66
2020-06-07,MWH,0,0,7,0,7,4,0,4,11
2012-04-14,MWH,1,2,16,0,19,0,0,0,19
2020-03-18,MWH,2,25,8,0,35,0,0,0,35
2012-03-05,MWH,1,6,13,27,47,0,0,0,47
2011-10-26,MWH,32,10,77,52,171,0,0,0,171
2012-01-14,MWH,0,6,1,0,7,0,0,0,7
2019-11-24,MWH,14,2,7,0,23,6,0,6,29
2020-06-06,MWH,0,0,10,1,11,2,0,2,13
2020-01-27,MWH,12,58,46,3,119,177,2,179,298
2012-05-08,MWH,6,11,64,21,102,0,0,0,102
2020-05-07,MWH,0,7,25,16,48,12,10,22,70
2019-12-18,MWH,5,4,32,17,58,12,20,32,90
2011-11-25,MWH,0,3,11,0,14,0,0,0,14
2011-10-27,MWH,29,9,59,36,133,100,0,100,233
2011-12-26,MWH,8,3,13,0,24,0,0,0,24
2012-01-12,MWH,14,5,44,30,93,0,0,0,93
2020-03-15,MWH,1,0,12,0,13,2,0,2,15
2012-05-13,MWH,2,13,6,0,21,0,0,0,21
2020-06-18,MWH,27,119,50,15,211,312,2,314,525
2012-02-28,MWH,2,6,36,12,56,0,0,0,56
2019-12-22,MWH,10,1,20,0,31,4,0,4,35
2020-03-11,MWH,6,85,11,14,116,4,8,12,128
2012-01-21,MWH,13,5,2,12,32,0,0,0,32
2020-05-16,MWH,0,2,11,0,13,24,0,24,37
2012-04-10,MWH,2,7,47,18,74,0,0,0,74
2011-10-15,MWH,28,10,8,2,48,0,0,0,48
2020-02-02,MWH,4,0,43,0,47,42,0,42,89
2011-11-30,MWH,23,2,37,12,74,0,0,0,74
2020-06-17,MWH,5,109,40,16,170,163,9,172,342
2012-05-17,MWH,9,11,85,15,120,0,0,0,120
2012-03-23,MWH,0,5,16,21,42,0,0,0,42
2020-03-12,MWH,12,134,27,21,194,247,26,273,467
2020-01-09,MWH,3,83,45,28,159,426,13,439,598
2012-05-18,MWH,5,7,29,0,41,0,0,0,41
2011-10-14,MWH,8,10,3,30,51,0,0,0,51
2020-05-02,MWH,0,0,3,0,3,0,0,0,3
2020-05-01,MWH,6,2,5,0,13,0,0,0,13
2011-10-12,MWH,25,10,69,47,151,51,0,51,202
2020-06-20,MWH,1,0,42,0,43,10,0,10,53
2012-02-27,MWH,2,5,69,18,94,0,0,0,94
2011-12-22,MWH,20,5,11,28,64,0,0,0,64
2019-11-13,MWH,9,50,23,6,88,228,2,230,318
2011-12-01,MWH,12,5,63,16,96,0,0,0,96
2020-03-10,MWH,0,124,34,21,179,282,14,296,475
2012-05-19,MWH,5,6,36,0,47,0,0,0,47
2011-10-13,MWH,12,11,55,43,121,0,0,0,121
2020-02-03,MWH,6,70,72,27,175,249,19,268,443
2012-01-22,MWH,0,0,0,4,4,0,0,0,4
2020-06-19,MWH,5,1,28,15,49,10,26,36,85
2020-04-10,MWH,0,2,8,0,10,0,0,0,10
2019-11-14,MWH,11,28,28,11,78,401,6,407,485
2012-02-29,MWH,2,6,36,35,79,0,0,0,79
2011-10-16,MWH,0,2,13,0,15,0,0,0,15
2020-06-16,MWH,1,51,14,6,72,110,4,114,186
2019-11-16,MWH,10,0,15,0,25,16,0,16,41
2020-01-10,MWH,4,2,5,0,11,0,0,0,11
2019-11-18,MWH,4,23,9,1,37,154,0,154,191
2020-03-14,MWH,0,0,8,0,8,0,0,0,8
2011-10-19,MWH,14,11,99,39,163,152,8,160,323
2012-05-14,MWH,8,6,76,38,128,30,0,30,158
2020-05-04,MWH,11,6,15,14,46,0,14,14,60
2020-06-13,MWH,0,1,12,0,13,0,0,0,13
2012-01-18,MWH,0,6,0,0,6,0,0,0,6
2012-04-12,MWH,6,6,53,13,78,0,0,0,78
2019-11-19,MWH,13,44,13,8,78,215,3,218,296
2011-11-28,MWH,11,6,49,19,85,0,0,0,85
2012-03-02,MWH,4,6,18,18,46,0,0,0,46
2011-10-20,MWH,4,12,48,24,88,64,53,117,205
2020-06-12,MWH,2,0,30,25,57,39,36,75,132
2011-12-24,MWH,0,2,4,0,6,0,0,0,6
2020-01-31,MWH,0,2,18,2,22,0,0,0,22
2019-12-20,MWH,14,4,1,0,19,0,0,0,19
2012-03-01,MWH,7,6,47,35,95,0,0,0,95
2019-12-21,MWH,20,2,29,0,51,30,0,30,81
2011-12-23,MWH,4,13,4,0,21,0,0,0,21
2012-05-16,MWH,4,7,55,41,107,0,0,0,107
2012-01-20,MWH,14,3,4,0,21,0,0,0,21
2012-04-11,MWH,2,10,52,37,101,0,0,0,101
2020-02-01,MWH,3,0,17,0,20,0,0,0,20
2011-10-17,MWH,8,6,39,12,65,98,20,118,183
2020-05-03,MWH,0,0,4,0,4,0,0,0,4
2011-11-29,MWH,17,6,37,14,74,0,0,0,74
2020-04-09,MWH,0,2,5,0,7,10,0,10,17
2019-11-17,MWH,18,0,19,1,38,20,0,20,58
2020-06-15,MWH,7,42,10,28,87,191,110,301,388
2020-03-13,MWH,2,3,16,3,24,0,8,8,32
2012-01-19,MWH,0,4,2,0,6,0,0,0,6
2012-05-15,MWH,4,10,46,15,75,0,0,0,75
2011-10-18,MWH,12,3,62,31,108,76,0,76,184
2020-06-14,MWH,1,0,13,0,14,6,0,6,20
2020-06-03,MWH,2,91,31,18,142,208,19,227,369
2012-03-07,MWH,0,7,70,28,105,14,0,14,119
2019-11-27,MWH,18,5,5,22,50,30,2,32,82
2019-12-06,MWH,20,4,27,6,57,10,0,10,67
2012-04-26,MWH,2,4,78,32,116,0,0,0,116
2020-05-22,MWH,0,2,25,0,27,14,0,14,41
2020-03-28,MWH,0,0,4,0,4,0,0,0,4
2011-11-19,MWH,0,4,0,20,24,0,0,0,24
2012-01-04,MWH,5,7,11,35,58,0,0,0,58
2012-03-13,MWH,2,8,21,34,65,0,0,0,65
2020-01-19,MWH,14,0,17,0,31,0,0,0,31
2019-12-13,MWH,19,14,32,5,70,74,9,83,153
2020-05-21,MWH,0,27,23,2,52,54,0,54,106
2019-12-07,MWH,2,0,3,0,5,0,0,0,5
2011-12-30,MWH,4,4,7,16,31,0,0,0,31
2020-03-29,MWH,0,0,5,0,5,0,0,0,5
2012-04-25,MWH,1,9,55,23,88,0,0,0,88
2011-11-11,MWH,22,4,6,12,44,0,0,0,44
2011-11-10,MWH,20,6,46,87,159,8,0,8,167
2012-04-19,MWH,9,9,36,16,70,0,0,0,70
2020-05-13,MWH,0,3,24,9,36,0,16,16,52
2011-11-08,MWH,8,8,33,41,90,66,6,72,162
2012-04-28,MWH,25,4,32,0,61,0,0,0,61
2012-03-12,MWH,2,6,6,22,36,0,0,0,36
2011-12-29,MWH,0,7,14,16,37,0,0,0,37
2020-05-24,MWH,0,0,13,0,13,10,0,10,23
2011-11-20,MWH,0,2,4,16,22,0,0,0,22
2020-03-27,MWH,0,2,7,13,22,8,10,18,40
2012-03-18,MWH,0,6,1,5,12,0,0,0,12
2019-12-05,MWH,11,53,23,8,95,227,0,227,322
2020-01-20,MWH,8,9,34,0,51,36,0,36,87
2011-11-09,MWH,14,9,56,90,169,44,0,44,213
2020-04-03,MWH,0,3,10,13,26,16,48,64,90
2020-05-23,MWH,0,0,24,0,24,8,0,8,32
2012-04-27,MWH,1,6,31,26,64,0,0,0,64
2012-01-05,MWH,9,6,36,25,76,0,0,0,76
2011-11-12,MWH,10,4,2,6,22,0,0,0,22
2020-05-14,MWH,3,4,13,18,38,18,46,64,102
2012-03-14,MWH,4,8,22,34,68,0,0,0,68
2020-01-15,MWH,2,35,12,2,51,186,4,190,241
2020-01-17,MWH,0,4,8,1,13,0,0,0,13
2020-03-31,MWH,0,3,5,2,10,0,0,0,10
2020-05-15,MWH,0,3,26,11,40,8,2,10,50
2011-11-15,MWH,10,6,43,17,76,10,0,10,86
2019-12-10,MWH,3,2,8,2,15,0,0,0,15
2020-05-17,MWH,0,0,1,0,1,0,0,0,1
2011-11-17,MWH,22,5,40,30,97,0,0,0,97
2012-04-22,MWH,2,7,7,2,18,0,0,0,18
2012-01-01,MWH,0,2,1,0,3,0,0,0,3
2012-04-21,MWH,2,8,5,6,21,0,0,0,21
2011-11-16,MWH,4,6,55,7,72,6,0,6,78
2012-03-16,MWH,11,8,51,5,75,0,0,0,75
2011-12-31,MWH,0,7,15,0,22,0,0,0,22
2020-04-01,MWH,0,3,7,18,28,0,0,0,28
2019-12-11,MWH,10,2,4,0,16,0,0,0,16
2020-05-18,MWH,0,2,5,0,7,3,4,7,14
2019-12-14,MWH,4,0,11,0,15,0,0,0,15
2012-04-23,MWH,0,10,76,21,107,0,0,0,107
2011-11-14,MWH,20,5,61,56,142,0,0,0,142
2020-05-20,MWH,5,20,7,21,53,18,30,48,101
2012-03-17,MWH,9,2,2,2,15,0,0,0,15
2012-01-03,MWH,0,10,7,27,44,0,0,0,44
2019-12-08,MWH,0,2,30,1,33,38,0,38,71
2020-04-02,MWH,14,2,7,7,30,4,2,6,36
2012-04-20,MWH,2,15,25,25,67,0,0,0,67
2012-04-24,MWH,3,6,85,21,115,0,0,0,115
2020-01-18,MWH,0,0,3,0,3,0,0,0,3
2011-11-13,MWH,0,1,3,0,4,0,0,0,4
2020-05-19,MWH,0,2,23,25,50,14,18,32,82
2011-11-18,MWH,16,4,7,0,27,0,0,0,27
2020-03-30,MWH,0,2,3,2,7,0,0,0,7
2019-12-09,MWH,4,2,16,2,24,0,0,0,24
2019-12-12,MWH,4,0,4,0,8,0,0,0,8
2012-01-02,MWH,0,1,5,0,6,0,0,0,6
2012-03-15,MWH,1,6,20,30,57,0,0,0,57
2019-12-04,MWH,6,2,10,6,24,0,0,0,24
2012-01-06,MWH,14,8,36,37,95,0,0,0,95
2020-05-12,MWH,0,4,8,13,25,0,0,0,25
2020-01-24,MWH,12,3,7,1,23,0,0,0,23
2020-05-31,MWH,0,0,3,0,3,0,0,0,3
2012-04-16,MWH,0,3,28,42,73,0,0,0,73
2019-11-29,MWH,4,2,19,7,32,27,12,39,71
2012-01-10,MWH,18,5,17,26,66,0,0,0,66
2020-04-05,MWH,0,0,21,0,21,0,0,0,21
2012-05-03,MWH,7,4,37,35,83,0,0,0,83
2011-11-02,MWH,15,6,58,50,129,14,0,14,143
2019-12-16,MWH,13,7,10,2,32,0,0,0,32
2020-05-10,MWH,0,0,4,0,4,0,0,0,4
2020-03-23,MWH,12,2,14,20,48,0,0,0,48
2020-05-30,MWH,0,3,6,0,9,3,0,3,12
2020-01-13,MWH,15,106,40,20,181,318,28,346,527
2019-11-30,MWH,6,0,12,0,18,5,0,5,23
2012-03-09,MWH,1,9,26,30,66,0,0,0,66
2011-11-01,MWH,0,8,42,39,89,64,8,72,161
2020-01-23,MWH,0,4,0,0,4,0,0,0,4
2020-03-22,MWH,10,0,6,0,16,0,0,0,16
2011-12-27,MWH,4,5,11,28,48,0,0,0,48
2011-11-24,MWH,0,1,2,0,3,9,0,9,12
2011-10-30,MWH,3,1,12,1,17,0,0,0,17
2020-01-25,MWH,1,0,16,2,19,25,0,25,44
2020-06-02,MWH,4,100,17,5,126,246,4,250,376
2012-05-05,MWH,3,8,8,0,19,0,0,0,19
2020-03-21,MWH,39,0,21,0,60,4,0,4,64
2019-12-17,MWH,17,7,4,7,35,0,4,4,39
2012-03-20,MWH,4,6,13,41,64,0,0,0,64
2011-10-31,MWH,17,6,37,67,127,0,0,0,127
2012-01-11,MWH,12,7,67,19,105,220,0,220,325
2020-05-09,MWH,0,0,14,0,14,0,0,0,14
2019-11-28,MWH,0,0,3,0,3,2,0,2,5
2020-06-01,MWH,0,67,9,5,81,192,12,204,285
2012-05-04,MWH,13,6,24,4,47,0,0,0,47
2012-03-08,MWH,7,5,89,50,151,0,0,0,151
2011-11-23,MWH,4,7,4,18,33,0,0,0,33
2012-01-23,MWH,0,4,3,10,17,0,0,0,17
2012-05-02,MWH,6,19,94,33,152,0,0,0,152
2012-01-09,MWH,0,5,5,18,28,0,0,0,28
2011-11-21,MWH,12,2,4,45,63,0,8,8,71
2020-03-25,MWH,31,5,7,4,47,0,0,0,47
2020-04-04,MWH,0,0,8,0,8,0,0,0,8
2011-11-06,MWH,2,4,10,4,20,0,0,0,20
2012-01-07,MWH,4,6,26,13,49,0,0,0,49
2019-12-03,MWH,2,4,8,0,14,0,0,0,14
2020-05-26,MWH,0,37,20,6,63,116,16,132,195
2012-03-11,MWH,4,0,1,14,19,0,0,0,19
2020-01-14,MWH,5,45,4,8,62,0,0,0,62
2020-01-21,MWH,10,19,26,1,56,0,0,0,56
2012-04-29,MWH,27,1,8,0,36,0,0,0,36
2011-11-07,MWH,12,10,71,67,160,84,26,110,270
2020-03-26,MWH,0,3,7,2,12,0,0,0,12
2020-05-25,MWH,0,0,13,0,13,0,0,0,13
2012-04-18,MWH,0,19,32,27,78,0,0,0,78
2012-04-30,MWH,2,6,19,65,92,0,0,0,92
2011-11-03,MWH,27,6,34,14,81,72,0,72,153
2020-05-11,MWH,0,4,14,4,22,6,2,8,30
2020-05-27,MWH,2,61,32,13,108,224,12,236,344
2020-05-29,MWH,2,4,16,6,28,2,0,2,30
2011-11-22,MWH,8,3,19,10,40,0,0,0,40
2012-03-19,MWH,4,4,46,49,103,0,0,0,103
2019-12-01,MWH,2,1,2,0,5,0,0,0,5
2012-04-17,MWH,2,7,66,12,87,0,0,0,87
2011-11-04,MWH,6,7,13,20,46,0,0,0,46
2011-12-28,MWH,4,8,12,20,44,0,0,0,44
2020-03-24,MWH,32,2,4,16,54,0,0,0,54
2020-05-28,MWH,0,50,68,7,125,250,4,254,379
2012-05-01,MWH,8,4,53,41,106,0,0,0,106
2012-01-08,MWH,1,1,2,2,6,0,0,0,6
2012-03-10,MWH,0,2,16,18,36,0,0,0,36
2019-12-15,MWH,2,1,4,0,7,0,0,0,7
2020-01-22,MWH,0,82,26,11,119,316,6,322,441
2011-11-05,MWH,4,12,19,3,38,0,0,0,38
2019-12-02,MWH,2,3,4,0,9,0,0,0,9
2019-12-23,MWH,10,5,19,5,39,10,2,12,51
2019-11-15,MWH,4,7,14,1,26,22,0,22,48
2012-05-20,MWH,1,0,26,0,27,0,0,0,27
2020-07-09,MWH,0,110,28,29,167,282,85,367,534
2020-02-13,MWH,4,101,24,6,135,287,10,297,432
2011-12-17,MWH,2,0,4,7,13,0,0,0,13
2019-10-29,MWH,10,102,23,8,143,315,9,324,467
2019-12-29,MWH,0,0,4,0,4,0,0,0,4
2020-02-27,MWH,10,100,39,8,157,383,20,403,560
2011-12-09,MWH,10,4,11,14,39,0,0,0,39
2011-09-24,MWH,4,6,11,34,55,0,24,24,79
2020-07-08,MWH,22,155,34,36,247,230,93,323,570
2020-04-24,MWH,1,3,12,11,27,2,20,22,49
2020-04-15,MWH,0,2,4,5,11,1,0,1,12
2012-02-03,MWH,12,6,22,54,94,0,0,0,94
2019-10-30,MWH,21,86,24,8,139,478,2,480,619
2011-09-25,MWH,4,3,7,24,38,0,0,0,38
2012-06-03,MWH,0,1,8,4,13,0,0,0,13
2012-02-04,MWH,0,3,36,0,39,0,0,0,39
2012-06-04,MWH,7,10,60,13,90,0,0,0,90
2011-09-23,MWH,17,10,11,13,51,0,0,0,51
2020-02-25,MWH,9,147,35,33,224,289,26,315,539
2020-02-14,MWH,8,2,28,0,38,10,2,12,50
2020-07-11,MWH,4,17,11,24,56,5,34,39,95
2019-10-27,MWH,0,0,24,0,24,37,0,37,61
2012-06-05,MWH,4,8,17,14,43,0,0,0,43
2020-04-16,MWH,18,3,28,13,62,16,0,16,78
2012-02-05,MWH,20,2,13,0,35,0,0,0,35
2011-09-22,MWH,23,8,46,44,121,30,18,48,169
2020-07-10,MWH,8,91,33,14,146,146,34,180,326
2020-04-23,MWH,4,4,12,14,34,9,12,21,55
2012-02-17,MWH,2,6,7,27,42,0,0,0,42
2019-10-28,MWH,7,84,11,9,111,208,6,214,325
2020-02-26,MWH,0,125,18,23,166,352,48,400,566
2012-04-03,MWH,19,6,31,20,76,0,0,0,76
2012-03-28,MWH,0,8,16,6,30,0,0,0,30
2012-02-18,MWH,0,3,5,11,19,0,0,0,19
2011-12-10,MWH,0,2,4,0,6,0,0,0,6
2020-02-12,MWH,7,126,27,26,186,300,26,326,512
2012-06-02,MWH,0,9,0,9,18,0,0,0,18
2020-02-11,MWH,9,115,15,48,187,156,58,214,401
2011-12-07,MWH,16,5,37,31,89,0,0,0,89
2012-02-01,MWH,1,3,21,21,46,0,0,0,46
2011-09-28,MWH,6,6,56,40,108,7,0,7,115
2012-05-31,MWH,0,17,48,31,96,0,0,0,96
2020-07-04,MWH,0,1,25,0,26,17,0,17,43
2019-11-01,MWH,11,4,48,4,67,32,2,34,101
2012-04-05,MWH,3,10,43,34,90,0,0,0,90
2020-04-14,MWH,6,3,12,12,33,0,0,0,33
2019-11-02,MWH,4,0,31,3,38,4,2,6,44
2011-09-29,MWH,16,8,60,60,144,30,0,30,174
2020-03-01,MWH,0,0,15,0,15,8,0,8,23
2012-05-30,MWH,4,16,66,20,106,0,0,0,106
2020-02-10,MWH,24,145,37,28,234,298,8,306,540
2012-02-20,MWH,0,4,21,0,25,0,0,0,25
2020-07-05,MWH,0,1,22,0,23,8,0,8,31
2020-04-25,MWH,0,0,3,0,3,14,0,14,17
2020-02-29,MWH,1,0,20,0,21,20,0,20,41
2011-12-08,MWH,4,4,31,63,102,0,0,0,102
2012-04-04,MWH,8,4,38,30,80,0,0,0,80
2020-02-28,MWH,1,4,38,13,56,24,11,35,91
2020-01-05,MWH,0,0,20,0,20,20,0,20,40
2012-02-02,MWH,2,7,50,28,87,0,0,0,87
2011-09-26,MWH,20,6,104,68,198,94,0,94,292
2020-07-06,MWH,23,123,26,1,173,217,0,217,390
2019-10-31,MWH,22,106,45,10,183,484,8,492,675
2019-12-28,MWH,0,1,17,0,18,48,0,48,66
2012-06-01,MWH,5,7,31,56,99,0,0,0,99
2012-02-19,MWH,1,1,8,0,10,0,0,0,10
2012-03-24,MWH,4,15,7,2,28,0,0,0,28
2011-12-18,MWH,2,0,8,17,27,0,0,0,27
2011-09-27,MWH,21,7,61,64,153,87,0,87,240
2012-03-27,MWH,4,6,18,6,34,0,0,0,34
2020-07-07,MWH,9,108,24,15,156,279,21,300,456
2011-09-21,MWH,20,6,72,51,149,72,0,72,221
2012-02-16,MWH,15,5,32,18,70,0,0,0,70
2020-01-04,MWH,0,0,12,1,13,8,0,8,21
2020-07-18,MWH,0,0,23,2,25,8,20,28,53
2020-01-01,MWH,0,0,19,0,19,15,0,15,34
2020-04-20,MWH,0,2,10,8,20,0,4,4,24
2020-02-21,MWH,17,3,43,5,68,32,6,38,106
2019-10-22,MWH,13,67,9,0,89,164,1,165,254
2011-09-15,MWH,28,6,16,70,120,0,0,0,120
2012-06-11,MWH,8,4,56,11,79,0,0,0,79
2012-02-13,MWH,1,4,35,27,67,0,0,0,67
2012-06-10,MWH,4,8,8,0,20,0,0,0,20
2012-02-09,MWH,0,6,21,21,48,0,0,0,48
2020-02-17,MWH,1,2,36,0,39,15,0,15,54
2011-12-12,MWH,18,2,2,38,60,0,0,0,60
2011-09-16,MWH,8,5,8,32,53,0,0,0,53
2020-01-03,MWH,10,8,22,22,62,10,72,82,144
2020-07-17,MWH,23,92,17,4,136,150,8,158,294
2011-09-14,MWH,0,8,35,64,107,0,0,0,107
2012-03-31,MWH,4,4,9,6,23,0,0,0,23
2020-02-18,MWH,3,140,32,21,196,277,14,291,487
2011-12-14,MWH,14,1,10,13,38,0,0,0,38
2020-07-20,MWH,14,89,24,2,129,35,4,39,168
2012-02-11,MWH,8,2,2,0,12,0,0,0,12
2019-10-20,MWH,4,3,27,0,34,30,0,30,64
2020-04-19,MWH,0,0,7,0,7,0,0,0,7
2011-09-13,MWH,28,24,49,97,198,60,32,92,290
2012-03-30,MWH,1,9,5,15,30,0,0,0,30
2012-06-12,MWH,5,7,65,17,94,0,0,0,94
2012-02-12,MWH,0,4,1,0,5,0,0,0,5
2011-12-13,MWH,11,2,8,5,26,0,0,0,26
2020-07-19,MWH,0,2,17,0,19,11,0,11,30
2020-02-20,MWH,1,126,34,18,179,353,36,389,568
2020-04-18,MWH,0,0,2,0,2,0,0,0,2
2012-02-10,MWH,7,6,18,16,47,0,0,0,47
2019-10-21,MWH,15,99,14,18,146,366,28,394,540
2012-04-01,MWH,0,2,1,0,3,0,0,0,3
2020-07-16,MWH,32,96,39,30,197,319,18,337,534
2019-10-23,MWH,4,110,35,7,156,374,0,374,530
2020-02-22,MWH,6,0,27,0,33,44,0,44,77
2012-02-15,MWH,1,8,41,10,60,6,0,6,66
2011-09-19,MWH,32,4,52,44,132,46,16,62,194
2012-06-07,MWH,14,7,54,12,87,0,0,0,87
2020-07-13,MWH,18,143,21,33,215,318,28,346,561
2011-12-16,MWH,17,4,18,6,45,0,0,0,45
2020-02-15,MWH,0,8,33,0,41,36,0,36,77
2020-02-24,MWH,9,88,26,7,130,154,2,156,286
2012-02-06,MWH,6,6,23,45,80,0,0,0,80
2019-10-26,MWH,4,1,16,0,21,4,0,4,25
2011-09-20,MWH,33,5,31,23,92,42,4,46,138
2020-04-22,MWH,1,2,10,8,21,6,4,10,31
2012-04-02,MWH,8,6,29,48,91,0,0,0,91
2020-07-12,MWH,0,0,20,2,22,6,0,6,28
2019-12-30,MWH,6,5,16,20,47,44,15,59,106
2012-06-06,MWH,10,4,47,0,61,0,0,0,61
2019-10-25,MWH,7,12,28,14,61,10,14,24,85
2020-07-03,MWH,3,0,27,2,32,0,0,0,32
2012-02-07,MWH,5,9,45,31,90,0,0,0,90
2020-07-14,MWH,21,91,21,21,154,184,24,208,362
2012-06-09,MWH,1,8,9,6,24,0,0,0,24
2011-12-15,MWH,2,4,25,24,55,0,0,0,55
2020-04-17,MWH,0,2,6,0,8,0,0,0,8
2011-09-17,MWH,10,4,8,0,22,0,0,0,22
2012-02-08,MWH,5,4,10,23,42,0,0,0,42
2012-02-14,MWH,10,6,4,31,51,0,0,0,51
2020-07-15,MWH,35,122,23,21,201,379,29,408,609
2020-02-16,MWH,0,0,19,0,19,30,0,30,49
2019-10-24,MWH,13,103,44,8,168,308,2,310,478
2019-12-31,MWH,0,3,16,0,19,6,0,6,25
2020-04-21,MWH,0,2,15,9,26,10,22,32,58
2020-02-23,MWH,0,0,5,2,7,0,0,0,7
2012-03-29,MWH,4,4,5,6,19,0,0,0,19
2012-06-08,MWH,9,12,30,41,92,0,0,0,92
2011-09-18,MWH,0,5,9,3,17,0,0,0,17
2011-12-11,MWH,6,0,1,0,7,0,0,0,7
2012-01-31,MWH,5,4,61,33,103,0,0,0,103
2020-01-16,MWH,0,34,16,6,56,173,0,173,229
2020-04-26,MWH,0,0,22,0,22,6,0,6,28
2020-04-29,MWH,0,2,26,7,35,24,0,24,59
2012-01-26,MWH,3,7,81,37,128,131,15,146,274
2020-02-06,MWH,7,97,8,7,119,230,0,230,349
2011-10-07,MWH,8,8,3,56,75,22,40,62,137
2020-04-12,MWH,0,0,9,0,9,8,0,8,17
2012-02-24,MWH,5,5,16,28,54,0,0,0,54
2012-05-24,MWH,4,20,25,15,64,0,0,0,64
2020-03-06,MWH,2,3,45,15,65,27,22,49,114
2019-11-08,MWH,20,6,35,20,81,18,33,51,132
2020-06-26,MWH,40,95,22,44,201,246,62,308,509
2019-12-25,MWH,0,0,9,0,9,4,0,4,13
2011-10-06,MWH,22,6,89,33,150,81,0,81,231
2012-03-25,MWH,0,0,5,0,5,0,0,0,5
2020-01-07,MWH,6,78,11,29,124,232,10,242,366
2020-06-25,MWH,10,154,29,8,201,264,30,294,495
2011-12-04,MWH,0,4,1,2,7,0,0,0,7
2020-06-27,MWH,1,0,17,1,19,2,0,2,21
2020-02-07,MWH,8,10,7,3,28,0,0,0,28
2011-09-12,MWH,10,18,18,55,101,0,0,0,101
2020-03-05,MWH,0,113,33,10,156,410,18,428,584
2011-10-05,MWH,22,8,41,35,106,0,0,0,106
2019-11-07,MWH,8,80,34,15,137,378,34,412,549
2011-12-20,MWH,0,6,7,2,15,0,0,0,15
2012-04-07,MWH,2,6,15,0,23,0,0,0,23
2012-02-23,MWH,3,7,58,5,73,0,0,0,73
2012-01-28,MWH,16,5,10,27,58,0,0,0,58
2020-06-28,MWH,0,0,5,0,5,10,0,10,15
2011-10-04,MWH,9,13,51,43,116,60,8,68,184
2012-05-26,MWH,8,5,7,0,20,0,0,0,20
2020-04-28,MWH,0,2,12,12,26,2,9,11,37
2012-05-25,MWH,4,5,14,0,23,0,0,0,23
2019-11-06,MWH,45,108,49,28,230,293,17,310,540
2019-11-09,MWH,0,5,10,0,15,14,0,14,29
2012-04-08,MWH,1,0,7,0,8,0,0,0,8
2019-11-12,MWH,9,109,18,15,151,374,8,382,533
2020-06-21,MWH,0,0,8,0,8,0,0,0,8
2020-03-09,MWH,0,146,36,6,188,307,0,307,495
2011-10-11,MWH,6,7,34,70,117,0,45,45,162
2020-02-04,MWH,1,74,10,3,88,210,2,212,300
2012-04-09,MWH,11,7,96,39,153,0,0,0,153
2012-02-26,MWH,0,7,7,2,16,0,0,0,16
2012-01-24,MWH,14,6,7,10,37,0,0,0,37
2012-05-21,MWH,2,10,62,59,133,0,0,0,133
2020-06-22,MWH,1,105,32,8,146,369,6,375,521
2011-12-02,MWH,28,6,6,13,53,0,0,0,53
2011-10-10,MWH,20,9,39,1,69,124,0,124,193
2020-04-11,MWH,0,0,6,0,6,0,0,0,6
2019-11-11,MWH,18,14,27,0,59,10,0,10,69
2011-12-03,MWH,12,2,5,13,32,0,0,0,32
2020-01-08,MWH,0,16,11,18,45,8,37,45,90
2020-06-23,MWH,16,118,30,5,169,256,26,282,451
2020-04-30,MWH,6,4,10,22,42,22,16,38,80
2020-02-05,MWH,5,28,14,6,53,154,4,158,211
2012-05-22,MWH,4,6,51,41,102,0,0,0,102
2011-12-21,MWH,57,8,17,76,158,0,0,0,158
2011-10-09,MWH,4,1,4,3,12,0,0,0,12
2019-12-24,MWH,0,2,5,0,7,0,0,0,7
2019-11-10,MWH,4,1,26,0,31,6,0,6,37
2012-01-25,MWH,0,7,23,30,60,24,16,40,100
2020-03-07,MWH,2,0,25,0,27,6,0,6,33
2020-06-24,MWH,6,90,25,22,143,181,20,201,344
2012-02-25,MWH,0,4,1,7,12,0,0,0,12
2011-10-08,MWH,16,0,7,9,32,0,0,0,32
2012-05-23,MWH,2,7,64,10,83,0,0,0,83
2020-03-08,MWH,4,3,27,6,40,14,0,14,54
2020-03-04,MWH,3,54,31,41,129,53,29,82,211
2012-01-27,MWH,5,5,11,0,21,0,0,0,21
2020-03-02,MWH,3,85,27,26,141,99,36,135,276
2019-11-05,MWH,20,101,38,22,181,429,22,451,632
2020-07-02,MWH,0,112,21,23,156,186,72,258,414
2019-12-26,MWH,4,2,19,0,25,14,0,14,39
2020-06-30,MWH,20,96,31,23,170,222,38,260,430
2012-01-29,MWH,5,0,5,0,10,0,0,0,10
2012-05-29,MWH,3,5,48,12,68,0,0,0,68
2012-02-21,MWH,8,6,21,16,51,0,0,0,51
2020-03-03,MWH,3,99,22,41,165,319,34,353,518
2011-12-06,MWH,7,4,17,19,47,0,0,0,47
2011-12-05,MWH,16,4,68,18,106,0,0,0,106
2012-01-30,MWH,15,4,22,28,69,0,0,0,69
2020-04-13,MWH,6,2,8,2,18,0,0,0,18
2011-10-01,MWH,0,3,5,26,34,0,0,0,34
2020-04-27,MWH,1,3,9,28,41,13,48,61,102
2012-04-06,MWH,2,6,19,8,35,0,0,0,35
2012-03-26,MWH,3,4,20,22,49,0,0,0,49
2012-05-28,MWH,0,2,6,3,11,0,0,0,11
2020-02-09,MWH,0,0,42,28,70,8,0,8,78
2020-07-01,MWH,40,94,39,29,202,227,48,275,477
2011-12-19,MWH,1,10,7,5,23,0,0,0,23
2011-10-02,MWH,6,5,8,14,33,0,0,0,33
2012-02-22,MWH,2,7,20,41,70,0,0,0,70
2019-11-04,MWH,6,94,18,18,136,322,28,350,486
2020-01-06,MWH,4,55,22,24,105,124,44,168,273
2020-06-29,MWH,11,101,39,21,172,166,52,218,390
2019-12-27,MWH,0,3,6,1,10,0,0,0,10
2019-11-03,MWH,13,0,38,7,58,18,2,20,78
2012-05-27,MWH,0,6,1,0,7,0,0,0,7
2011-10-03,MWH,4,7,46,36,93,32,3,35,128
2020-02-08,MWH,1,15,20,3,39,34,0,34,73
2011-09-30,MWH,18,6,21,22,67,0,0,0,67
2021-10-12,PAE,20,4,148,6,178,261,7,268,446
2016-11-06,PAE,3,2,188,0,193,124,0,124,317
2019-06-14,PAE,46,3,207,4,260,172,0,172,432
2016-11-13,PAE,5,4,67,0,76,87,0,87,163
2016-10-24,PAE,6,1,63,5,75,48,0,48,123
2016-12-06,PAE,9,2,170,4,185,80,0,80,265
2016-12-09,PAE,8,4,7,0,19,0,0,0,19
2021-10-01,PAE,17,5,246,4,272,446,0,446,718
2016-11-24,PAE,0,0,2,0,2,0,0,0,2
2020-01-11,PAE,41,3,24,0,68,32,0,32,100
2021-09-30,PAE,22,10,41,0,73,26,0,26,99
2021-09-15,PAE,23,6,216,2,247,407,0,407,654
2020-01-07,PAE,36,4,25,0,65,12,0,12,77
2020-01-05,PAE,37,2,20,0,59,3,0,3,62
2019-06-28,PAE,44,3,234,3,284,192,0,192,476
2019-06-09,PAE,41,0,279,0,320,232,0,232,552
2021-09-28,PAE,24,1,80,0,105,92,0,92,197
2016-11-23,PAE,12,0,60,0,72,39,0,39,111
2016-11-17,PAE,20,3,171,2,196,201,0,201,397
2016-11-14,PAE,16,2,79,0,97,187,0,187,284
2016-11-16,PAE,14,4,96,1,115,25,0,25,140
2019-06-22,PAE,42,4,153,4,203,134,45,179,382
2021-09-13,PAE,14,5,206,0,225,444,0,444,669
2016-12-08,PAE,5,3,85,0,93,80,0,80,173
2016-11-25,PAE,4,3,260,0,267,258,0,258,525
2020-01-15,PAE,36,2,39,0,77,0,0,0,77
2021-10-06,PAE,17,4,113,2,136,311,0,311,447
2021-09-29,PAE,13,5,132,0,150,307,0,307,457
2019-06-08,PAE,47,4,242,0,293,347,0,347,640
2016-11-15,PAE,22,6,39,0,67,0,0,0,67
2019-06-19,PAE,54,2,184,6,246,206,8,214,460
2021-09-22,PAE,14,5,160,3,182,397,0,397,579
2019-06-18,PAE,46,8,88,4,146,117,0,117,263
2021-10-05,PAE,15,3,33,0,51,28,0,28,79
2021-09-14,PAE,29,6,179,0,214,441,0,441,655
2021-10-13,PAE,22,2,120,0,144,443,0,443,587
2016-12-07,PAE,16,2,209,2,229,176,0,176,405
2016-10-25,PAE,36,1,81,11,129,88,0,88,217
2016-10-27,PAE,24,1,95,0,120,194,0,194,314
2016-11-04,PAE,24,2,296,0,322,219,0,219,541
2021-09-23,PAE,21,6,243,0,270,472,0,472,742
2016-11-12,PAE,8,1,20,0,29,22,0,22,51
2020-01-08,PAE,37,0,58,5,100,27,0,27,127
2020-01-02,PAE,39,0,52,0,91,83,0,83,174
2019-06-27,PAE,41,15,153,0,209,140,0,140,349
2016-10-26,PAE,9,4,35,2,50,2,0,2,52
2016-11-26,PAE,2,1,23,0,26,58,0,58,84
2019-06-23,PAE,42,6,127,0,175,33,0,33,208
2020-01-06,PAE,39,6,6,14,65,0,0,0,65
2019-06-20,PAE,52,4,171,0,227,319,0,319,546
2016-12-05,PAE,11,3,2,0,16,0,0,0,16
2019-06-15,PAE,43,2,205,0,250,116,0,116,366
2019-06-24,PAE,49,11,180,1,241,228,4,232,473
2016-10-30,PAE,1,4,177,0,182,126,0,126,308
2021-09-26,PAE,15,8,94,0,117,60,0,60,177
2019-06-16,PAE,41,0,240,0,281,221,0,221,502
2021-09-20,PAE,15,3,192,0,210,417,0,417,627
2021-09-18,PAE,13,1,54,0,68,65,0,65,133
2016-12-01,PAE,14,2,131,0,147,132,0,132,279
2016-11-09,PAE,15,4,75,0,94,66,0,66,160
2019-06-25,PAE,58,5,263,0,326,293,2,295,621
2021-10-09,PAE,19,5,120,0,144,209,0,209,353
2020-01-10,PAE,43,3,19,0,65,4,0,4,69
2016-10-31,PAE,17,7,17,2,43,69,0,69,112
2020-01-13,PAE,40,4,7,0,51,0,0,0,51
2019-06-11,PAE,49,6,195,1,251,257,0,257,508
2016-11-20,PAE,10,1,49,0,60,56,0,56,116
2021-10-08,PAE,16,10,228,0,254,246,0,246,500
2016-11-30,PAE,7,6,35,0,48,28,0,28,76
2016-11-07,PAE,20,3,92,4,119,115,0,115,234
2021-09-19,PAE,15,1,74,0,90,4,0,4,94
2016-11-01,PAE,20,0,41,2,63,15,0,15,78
2019-06-12,PAE,42,1,178,5,226,314,14,328,554
2021-10-04,PAE,14,4,187,0,205,491,0,491,696
2019-06-21,PAE,59,5,261,2,327,242,0,242,569
2020-01-04,PAE,40,0,121,0,161,74,0,74,235
2021-09-25,PAE,14,1,328,0,343,478,10,488,831
2016-11-21,PAE,11,8,71,0,90,43,0,43,133
2016-11-08,PAE,9,9,219,6,243,198,0,198,441
2021-10-03,PAE,16,0,103,0,119,168,0,168,287
2019-06-17,PAE,40,2,166,4,212,303,14,317,529
2016-11-19,PAE,5,0,112,0,117,185,0,185,302
2016-12-02,PAE,8,3,20,0,31,3,0,3,34
2019-06-13,PAE,44,4,204,0,252,220,0,220,472
2016-11-11,PAE,15,0,162,0,177,243,0,243,420
2020-01-14,PAE,26,6,12,0,44,0,0,0,44
2021-09-16,PAE,22,3,300,0,325,426,0,426,751
2016-11-03,PAE,10,3,257,5,275,299,4,303,578
2016-11-29,PAE,7,3,109,0,119,124,0,124,243
2016-11-27,PAE,3,0,52,0,55,0,0,0,55
2016-12-04,PAE,3,11,92,0,106,95,0,95,201
2021-10-11,PAE,19,6,187,0,212,508,0,508,720
2021-10-02,PAE,11,1,143,0,155,50,0,50,205
2016-10-28,PAE,32,1,275,0,308,221,0,221,529
2019-06-26,PAE,46,5,168,0,219,262,0,262,481
2021-10-07,PAE,27,2,209,0,238,312,7,319,557
2016-11-05,PAE,4,2,16,0,22,0,0,0,22
2019-06-10,PAE,50,3,211,0,264,193,0,193,457
2021-09-27,PAE,18,3,44,0,65,47,0,47,112
2016-10-29,PAE,12,0,106,0,118,107,0,107,225
2016-11-18,PAE,10,3,166,0,179,140,0,140,319
2021-09-24,PAE,23,7,282,0,312,280,0,280,592
2020-01-12,PAE,27,0,12,0,39,4,0,4,43
2016-11-22,PAE,14,6,109,2,131,130,0,130,261
2016-12-03,PAE,7,1,87,0,95,131,0,131,226
2020-01-09,PAE,47,11,70,0,128,79,0,79,207
2016-11-10,PAE,12,7,245,0,264,170,0,170,434
2016-11-28,PAE,11,1,57,0,69,17,0,17,86
2021-09-17,PAE,17,4,43,0,64,6,0,6,70
2016-11-02,PAE,5,6,63,0,74,128,0,128,202
2021-10-10,PAE,11,7,99,0,117,174,0,174,291
2020-01-03,PAE,38,2,78,2,120,38,0,38,158
2021-09-21,PAE,12,5,306,1,324,524,4,528,852
2017-01-12,PAE,9,8,154,1,172,135,0,135,307
2016-12-10,PAE,8,2,6,0,16,0,0,0,16
2020-02-06,PAE,48,3,17,0,68,0,0,0,68
2017-02-21,PAE,3,6,46,0,55,81,0,81,136
2021-07-25,PAE,9,5,178,0,192,220,0,220,412
2017-02-22,PAE,20,1,82,2,105,162,0,162,267
2019-05-05,PAE,43,5,262,0,310,188,0,188,498
2017-02-23,PAE,9,3,67,1,80,114,0,114,194
2021-07-24,PAE,10,4,272,0,286,229,0,229,515
2020-02-07,PAE,44,4,27,0,75,1,0,1,76
2017-02-24,PAE,9,4,105,0,118,165,10,175,293
2019-05-04,PAE,45,0,256,0,301,123,0,123,424
2021-07-23,PAE,11,10,243,0,264,300,0,300,564
2017-02-25,PAE,11,4,211,0,226,219,0,219,445
2017-02-26,PAE,0,0,30,0,30,0,0,0,30
2021-07-22,PAE,12,4,234,0,250,383,3,386,636
2021-07-26,PAE,9,5,200,0,214,238,0,238,452
2019-05-03,PAE,44,6,209,3,262,238,0,238,500
2020-02-08,PAE,42,0,135,0,177,143,0,143,320
2021-07-21,PAE,10,8,169,0,187,302,0,302,489
2017-02-28,PAE,12,4,89,6,111,136,0,136,247
2019-05-02,PAE,53,7,190,0,250,179,0,179,429
2017-03-01,PAE,11,5,45,0,61,33,2,35,96
2021-07-20,PAE,16,8,104,0,128,229,0,229,357
2017-03-02,PAE,6,5,41,0,52,17,0,17,69
2020-02-09,PAE,39,2,256,0,297,244,0,244,541
2021-07-19,PAE,17,4,215,0,236,298,0,298,534
2017-03-03,PAE,9,2,17,0,28,16,0,16,44
2019-05-01,PAE,42,5,199,0,246,248,0,248,494
2017-03-04,PAE,0,2,197,0,199,385,0,385,584
2021-07-18,PAE,18,5,234,0,257,321,0,321,578
2017-03-05,PAE,0,0,11,0,11,18,0,18,29
2017-02-27,PAE,5,6,9,0,20,0,0,0,20
2017-02-20,PAE,7,1,31,0,39,0,0,0,39
2019-05-06,PAE,47,9,186,0,242,139,1,140,382
2017-02-19,PAE,6,0,47,0,53,34,0,34,87
2019-05-12,PAE,44,2,141,0,187,155,0,155,342
2021-08-04,PAE,7,7,210,10,234,296,20,316,550
2017-02-07,PAE,4,1,54,4,63,86,0,86,149
2020-02-02,PAE,37,3,156,0,196,130,0,130,326
2017-02-08,PAE,13,2,7,0,22,0,0,0,22
2021-08-03,PAE,17,6,176,0,199,262,0,262,461
2019-05-11,PAE,47,2,343,0,392,177,1,178,570
2017-02-09,PAE,18,3,7,5,33,0,0,0,33
2021-08-02,PAE,14,8,168,0,190,267,26,293,483
2017-02-10,PAE,9,5,11,0,25,0,0,0,25
2020-02-03,PAE,42,6,145,2,195,186,10,196,391
2019-05-10,PAE,45,2,248,0,295,197,0,197,492
2017-02-11,PAE,8,0,132,0,140,123,0,123,263
2021-08-01,PAE,7,1,206,0,214,282,0,282,496
2017-02-12,PAE,6,2,192,0,200,249,2,251,451
2021-07-31,PAE,12,6,225,0,243,265,0,265,508
2017-02-13,PAE,8,5,177,0,190,295,0,295,485
2021-07-27,PAE,9,4,220,0,233,416,0,416,649
2017-02-18,PAE,12,2,15,0,29,0,0,0,29
2019-05-07,PAE,45,7,206,0,258,215,0,215,473
2021-07-28,PAE,16,1,205,1,223,302,15,317,540
2017-02-17,PAE,9,10,166,0,185,222,0,222,407
2020-02-05,PAE,40,2,12,2,56,0,0,0,56
2019-04-30,PAE,49,4,247,0,300,192,0,192,492
2017-02-16,PAE,21,9,57,0,87,104,0,104,191
2019-05-08,PAE,42,1,221,0,264,191,0,191,455
2017-02-15,PAE,16,0,18,0,34,0,0,0,34
2021-07-30,PAE,17,1,228,1,247,254,0,254,501
2017-02-14,PAE,16,6,137,0,159,212,0,212,371
2020-02-04,PAE,34,10,26,4,74,72,0,72,146
2019-05-09,PAE,43,5,218,1,267,256,0,256,523
2021-07-29,PAE,13,1,191,3,208,272,1,273,481
2017-02-06,PAE,3,4,3,0,10,0,0,0,10
2021-07-17,PAE,9,3,276,0,288,413,0,413,701
2020-02-10,PAE,40,6,215,2,263,356,0,356,619
2019-04-23,PAE,47,1,100,0,148,145,0,145,293
2017-03-22,PAE,20,2,56,0,78,41,0,41,119
2021-07-06,PAE,9,5,157,1,172,261,0,261,433
2020-02-15,PAE,42,0,37,0,79,20,0,20,99
2017-03-23,PAE,20,12,155,0,187,242,0,242,429
2019-04-22,PAE,41,7,114,0,162,74,0,74,236
2021-07-05,PAE,7,9,195,0,211,104,0,104,315
2017-03-24,PAE,16,2,36,0,54,19,0,19,73
2017-03-25,PAE,1,0,126,0,127,144,0,144,271
2021-07-04,PAE,7,3,138,0,148,112,0,112,260
2019-04-21,PAE,43,0,207,0,250,166,0,166,416
2017-03-26,PAE,7,0,48,0,55,137,0,137,192
2020-02-16,PAE,48,0,113,0,161,120,0,120,281
2021-07-03,PAE,11,0,214,0,225,196,0,196,421
2017-03-21,PAE,11,5,76,6,98,118,0,118,216
2017-03-27,PAE,10,3,55,0,68,0,0,0,68
2017-03-28,PAE,7,2,50,0,59,34,0,34,93
2021-07-02,PAE,17,8,202,0,227,449,0,449,676
2017-03-29,PAE,15,3,41,2,61,16,2,18,79
2020-02-17,PAE,45,0,151,0,196,193,0,193,389
2021-07-01,PAE,10,8,181,0,199,310,0,310,509
2017-03-30,PAE,12,4,95,0,111,170,1,171,282
2019-04-19,PAE,48,3,73,2,126,57,0,57,183
2017-03-31,PAE,21,9,250,4,284,169,0,169,453
2021-06-30,PAE,14,8,229,4,255,307,0,307,562
2017-04-01,PAE,10,1,96,0,107,164,4,168,275
2019-04-18,PAE,43,5,154,2,204,127,0,127,331
2021-06-29,PAE,18,11,181,0,210,268,0,268,478
2017-04-02,PAE,1,1,111,0,113,149,0,149,262
2020-02-18,PAE,44,4,235,0,283,168,0,168,451
2019-04-20,PAE,44,0,297,0,341,165,0,165,506
2021-07-07,PAE,19,5,124,17,165,227,27,254,419
2017-03-20,PAE,9,1,151,0,161,204,0,204,365
2020-02-14,PAE,44,3,151,0,198,115,0,115,313
2017-03-07,PAE,13,2,14,0,29,0,0,0,29
2021-07-16,PAE,9,5,143,3,160,226,0,226,386
2019-04-29,PAE,42,2,186,0,230,156,0,156,386
2017-03-08,PAE,11,2,60,0,73,108,0,108,181
2021-07-15,PAE,12,2,145,0,159,217,0,217,376
2017-03-09,PAE,13,4,19,4,40,0,0,0,40
2020-02-11,PAE,56,11,76,3,146,79,0,79,225
2019-04-28,PAE,45,0,291,0,336,214,0,214,550
2017-03-10,PAE,26,6,43,0,75,18,0,18,93
2021-07-14,PAE,12,6,200,1,219,300,0,300,519
2017-03-11,PAE,12,1,39,0,52,5,0,5,57
2021-07-13,PAE,8,5,241,0,254,322,14,336,590
2017-03-12,PAE,7,1,90,0,98,106,0,106,204
2019-04-27,PAE,41,1,177,0,219,175,0,175,394
2020-02-12,PAE,41,6,123,2,172,186,0,186,358
2017-03-13,PAE,1,5,35,0,41,6,0,6,47
2021-07-12,PAE,12,5,219,0,236,205,0,205,441
2021-07-08,PAE,16,3,239,2,260,507,0,507,767
2017-03-19,PAE,17,0,343,1,361,387,2,389,750
2019-04-24,PAE,44,2,293,2,341,282,0,282,623
2017-03-18,PAE,12,2,39,0,53,0,0,0,53
2021-07-09,PAE,18,1,254,0,273,365,0,365,638
2017-03-17,PAE,39,8,98,0,145,76,0,76,221
2017-03-06,PAE,4,3,18,5,30,9,17,26,56
2019-04-25,PAE,58,3,219,0,280,178,0,178,458
2017-03-16,PAE,29,4,142,6,181,92,0,92,273
2020-02-13,PAE,57,2,53,0,112,30,0,30,142
2017-03-15,PAE,9,1,61,2,73,0,0,0,73
2021-07-11,PAE,11,3,225,0,239,201,0,201,440
2019-04-26,PAE,43,4,198,2,247,223,0,223,470
2017-03-14,PAE,5,3,23,2,33,0,0,0,33
2021-07-10,PAE,8,4,213,0,225,260,0,260,485
2019-06-07,PAE,49,4,78,0,131,21,0,21,152
2021-08-05,PAE,19,9,233,2,263,373,0,373,636
2019-05-13,PAE,46,4,144,0,194,107,0,107,301
2016-12-25,PAE,0,0,10,0,10,6,0,6,16
2021-09-02,PAE,19,2,263,0,284,493,12,505,789
2019-05-31,PAE,48,4,186,0,238,175,0,175,413
2016-12-26,PAE,6,0,52,0,58,65,0,65,123
2021-09-01,PAE,13,3,234,0,250,376,0,376,626
2016-12-27,PAE,6,0,22,0,28,70,0,70,98
2019-05-30,PAE,52,3,186,8,249,233,0,233,482
2016-12-28,PAE,1,2,127,7,137,287,0,287,424
2021-08-31,PAE,18,5,169,0,192,257,0,257,449
2020-01-21,PAE,62,6,49,4,121,21,0,21,142
2016-12-29,PAE,9,0,18,0,27,44,0,44,71
2021-08-30,PAE,9,7,109,0,125,294,0,294,419
2016-12-30,PAE,1,0,136,0,137,361,0,361,498
2019-05-29,PAE,51,8,184,13,256,215,0,215,471
2020-01-20,PAE,45,7,189,0,241,277,0,277,518
2016-12-31,PAE,3,2,7,0,12,14,0,14,26
2020-01-22,PAE,40,4,51,16,111,19,0,19,130
2017-01-01,PAE,0,0,21,0,21,57,0,57,78
2019-05-28,PAE,44,3,121,0,168,200,0,200,368
2021-08-28,PAE,11,2,304,0,317,311,28,339,656
2017-01-02,PAE,2,0,184,0,186,0,0,0,186
2017-01-03,PAE,0,6,85,0,91,251,0,251,342
2021-08-27,PAE,12,8,127,0,147,128,0,128,275
2019-05-27,PAE,38,0,332,0,370,201,8,209,579
2017-01-04,PAE,5,4,133,2,144,244,0,244,388
2020-01-23,PAE,40,9,18,0,67,0,0,0,67
2021-08-26,PAE,15,8,124,0,147,138,10,148,295
2017-01-05,PAE,1,7,142,0,150,267,0,267,417
2019-05-26,PAE,42,0,126,0,168,180,0,180,348
2017-01-06,PAE,20,4,116,0,140,121,0,121,261
2021-08-29,PAE,12,7,243,0,262,265,0,265,527
2016-12-24,PAE,1,0,4,0,5,0,0,0,5
2021-09-03,PAE,14,3,255,0,272,301,0,301,573
2019-06-01,PAE,42,1,270,0,313,239,0,239,552
2021-09-12,PAE,16,5,117,0,138,164,0,164,302
2016-12-11,PAE,12,0,28,0,40,20,0,20,60
2020-01-16,PAE,43,5,90,2,140,6,0,6,146
2021-09-11,PAE,10,5,209,0,224,232,0,232,456
2016-12-12,PAE,18,3,13,0,34,0,0,0,34
2019-06-06,PAE,43,2,137,0,182,216,0,216,398
2016-12-13,PAE,18,0,114,5,137,212,6,218,355
2021-09-10,PAE,22,10,116,4,152,196,0,196,348
2016-12-14,PAE,16,2,147,0,165,124,39,163,328
2019-06-05,PAE,47,4,185,9,245,107,0,107,352
2021-09-09,PAE,18,6,245,1,270,363,1,364,634
2016-12-15,PAE,26,4,134,0,164,140,0,140,304
2020-01-17,PAE,41,6,118,0,165,38,0,38,203
2016-12-16,PAE,9,8,190,0,207,117,0,117,324
2021-09-08,PAE,16,8,204,0,228,283,0,283,511
2019-06-04,PAE,41,3,205,0,249,361,0,361,610
2016-12-17,PAE,12,0,55,0,67,44,0,44,111
2016-12-23,PAE,2,0,5,0,7,0,0,0,7
2021-09-04,PAE,13,2,186,0,201,173,0,173,374
2016-12-22,PAE,5,2,66,0,73,57,0,57,130
2020-01-19,PAE,41,0,138,0,179,198,0,198,377
2019-06-02,PAE,47,0,230,0,277,203,0,203,480
2016-12-21,PAE,30,10,184,2,226,218,0,218,444
2021-08-25,PAE,11,3,256,3,273,246,0,246,519
2021-09-05,PAE,7,5,146,0,158,95,0,95,253
2021-09-06,PAE,7,6,254,0,267,388,0,388,655
2016-12-19,PAE,11,3,12,0,26,0,0,0,26
2019-06-03,PAE,52,6,189,2,249,215,0,215,464
2020-01-18,PAE,37,0,88,0,125,103,0,103,228
2016-12-18,PAE,5,0,112,0,117,213,0,213,330
2021-09-07,PAE,12,1,204,0,217,396,0,396,613
2016-12-20,PAE,20,8,58,2,88,69,0,69,157
2017-02-05,PAE,0,0,24,0,24,10,0,10,34
2017-01-07,PAE,2,5,94,0,101,98,0,98,199
2021-08-24,PAE,7,2,282,0,291,288,0,288,579
2017-01-23,PAE,9,3,100,6,118,199,6,205,323
2019-05-18,PAE,40,2,272,0,314,258,0,258,572
2017-01-24,PAE,13,6,27,0,46,22,0,22,68
2021-08-13,PAE,10,12,131,2,155,177,0,177,332
2020-01-29,PAE,42,2,65,13,122,16,0,16,138
2017-01-25,PAE,26,4,41,2,73,122,0,122,195
2021-08-12,PAE,12,4,149,0,165,367,0,367,532
2017-01-26,PAE,26,6,70,0,102,45,0,45,147
2019-05-17,PAE,48,3,74,0,125,117,0,117,242
2017-01-27,PAE,16,2,140,0,158,208,2,210,368
2021-08-11,PAE,14,2,248,6,270,296,0,296,566
2020-01-30,PAE,49,10,160,2,221,173,0,173,394
2017-01-28,PAE,12,2,250,1,265,119,0,119,384
2019-05-16,PAE,46,3,105,2,156,182,0,182,338
2021-08-14,PAE,7,2,221,0,230,189,0,189,419
2021-08-10,PAE,12,3,213,2,230,421,12,433,663
2017-01-30,PAE,8,3,61,0,72,36,0,36,108
2021-08-09,PAE,8,7,194,8,217,274,9,283,500
2019-05-15,PAE,46,7,198,0,251,349,13,362,613
2017-01-31,PAE,6,5,73,2,86,178,0,178,264
2020-01-31,PAE,33,7,15,2,57,0,0,0,57
2021-08-08,PAE,9,7,208,0,224,218,0,218,442
2017-02-01,PAE,3,4,86,0,93,153,0,153,246
2019-05-14,PAE,41,3,61,0,105,73,0,73,178
2017-02-02,PAE,11,3,125,0,139,115,19,134,273
2021-08-07,PAE,8,4,93,0,105,24,0,24,129
2017-02-03,PAE,19,3,5,1,28,3,0,3,31
2020-02-01,PAE,54,2,30,0,86,17,0,17,103
2021-08-06,PAE,8,8,120,0,136,131,0,131,267
2017-02-04,PAE,13,0,8,0,21,0,0,0,21
2017-01-29,PAE,2,2,89,0,93,87,0,87,180
2017-01-22,PAE,13,0,50,0,63,101,0,101,164
2019-05-19,PAE,48,1,169,0,218,224,0,224,442
2021-08-15,PAE,8,2,205,0,215,112,0,112,327
2017-01-08,PAE,15,3,16,0,34,20,0,20,54
2019-05-25,PAE,42,1,77,0,120,39,0,39,159
2017-01-09,PAE,13,4,25,0,42,0,0,0,42
2021-08-23,PAE,14,3,185,3,205,288,10,298,503
2017-01-10,PAE,18,2,56,11,87,83,0,83,170
2019-05-24,PAE,51,8,78,0,137,22,0,22,159
2021-08-22,PAE,9,3,103,0,115,50,0,50,165
2017-01-11,PAE,7,2,120,2,131,159,0,159,290
2020-01-25,PAE,38,1,82,0,121,4,0,4,125
2021-08-21,PAE,10,1,207,0,218,293,0,293,511
2019-05-23,PAE,52,4,284,0,340,304,0,304,644
2017-01-13,PAE,6,6,119,0,131,167,0,167,298
2021-08-20,PAE,11,5,119,0,135,183,0,183,318
2017-01-14,PAE,5,1,151,0,157,174,8,182,339
2020-01-26,PAE,43,3,85,0,131,67,0,67,198
2019-05-22,PAE,44,5,217,2,268,247,0,247,515
2017-01-15,PAE,18,2,178,0,198,266,0,266,464
2017-01-21,PAE,15,0,147,0,162,180,6,186,348
2020-01-28,PAE,39,4,58,4,105,73,0,73,178
2017-01-20,PAE,20,0,94,2,116,132,0,132,248
2021-08-16,PAE,7,6,89,0,102,31,0,31,133
2019-05-20,PAE,44,3,77,0,124,45,0,45,169
2017-01-19,PAE,11,3,35,0,49,23,0,23,72
2020-01-24,PAE,56,6,74,0,136,39,0,39,175
2021-08-17,PAE,11,3,142,5,161,227,0,227,388
2020-01-27,PAE,48,10,152,5,215,248,0,248,463
2019-05-21,PAE,45,1,95,0,141,184,0,184,325
2017-01-17,PAE,12,0,26,0,38,42,0,42,80
2021-08-18,PAE,9,9,270,2,290,406,12,418,708
2017-01-16,PAE,23,5,91,0,119,132,0,132,251
2021-08-19,PAE,13,3,238,0,254,336,0,336,590
2017-01-18,PAE,16,5,19,2,42,32,0,32,74
2021-10-14,PAE,20,5,78,0,103,144,0,144,247
2018-08-31,PAE,9,3,199,0,211,333,0,333,544
2020-01-01,PAE,36,0,84,0,120,90,0,90,210
2022-02-02,PAE,28,0,61,1,90,169,0,169,259
2019-11-13,PAE,44,4,73,12,133,14,0,14,147
2016-05-09,PAE,10,7,144,0,161,120,0,120,281
2022-02-03,PAE,22,2,38,0,62,0,0,0,62
2016-05-08,PAE,6,2,101,0,109,119,0,119,228
2019-09-11,PAE,42,1,180,0,223,302,0,302,525
2016-05-10,PAE,8,2,176,3,189,96,0,96,285
2016-05-07,PAE,13,2,295,0,310,175,0,175,485
2019-11-12,PAE,40,6,61,0,107,0,0,0,107
2016-05-06,PAE,7,3,233,0,243,155,0,155,398
2019-09-12,PAE,47,2,195,2,246,190,4,194,440
2022-02-05,PAE,20,2,99,0,121,46,0,46,167
2016-05-05,PAE,13,1,187,6,207,132,0,132,339
2016-05-04,PAE,5,1,79,0,85,36,0,36,121
2022-02-04,PAE,25,3,65,0,93,8,0,8,101
2019-09-10,PAE,43,3,118,0,164,265,0,265,429
2016-05-11,PAE,13,4,167,0,184,188,0,188,372
2022-02-01,PAE,19,6,59,3,87,232,18,250,337
2022-01-28,PAE,24,1,297,0,322,317,0,317,639
2016-05-17,PAE,8,2,154,4,168,112,0,112,280
2019-09-07,PAE,39,4,90,0,133,27,0,27,160
2019-11-15,PAE,46,4,64,8,122,74,0,74,196
2016-05-16,PAE,16,1,94,8,119,110,2,112,231
2022-01-29,PAE,9,1,324,0,334,404,0,404,738
2016-05-15,PAE,4,6,44,1,55,0,0,0,55
2019-09-08,PAE,36,2,82,0,120,2,0,2,122
2022-01-30,PAE,24,0,31,0,55,6,0,6,61
2016-05-14,PAE,7,0,109,5,121,122,0,122,243
2019-11-14,PAE,44,1,184,7,236,167,0,167,403
2016-05-13,PAE,10,1,217,3,231,187,0,187,418
2022-01-31,PAE,25,0,95,1,121,251,0,251,372
2019-09-09,PAE,42,5,47,0,94,2,0,2,96
2016-05-12,PAE,6,5,187,3,201,178,0,178,379
2022-02-06,PAE,23,1,276,0,300,419,0,419,719
2019-09-13,PAE,44,2,108,1,155,266,2,268,423
2016-05-03,PAE,6,8,163,2,179,174,0,174,353
2019-11-11,PAE,48,2,181,0,231,210,0,210,441
2019-09-17,PAE,49,1,40,0,90,43,0,43,133
2016-04-24,PAE,0,1,50,0,51,33,0,33,84
2022-02-13,PAE,24,2,210,0,236,343,21,364,600
2016-04-23,PAE,11,3,103,1,118,49,0,49,167
2019-11-08,PAE,50,9,243,3,305,259,0,259,564
2019-09-18,PAE,46,1,166,12,225,510,35,545,770
2016-04-22,PAE,26,6,108,2,142,152,0,152,294
2022-02-14,PAE,24,1,26,3,54,47,0,47,101
2016-04-21,PAE,16,3,152,0,171,159,0,159,330
2022-02-15,PAE,9,2,101,1,113,252,8,260,373
2016-04-20,PAE,11,3,159,7,180,217,37,254,434
2019-09-19,PAE,41,3,255,0,299,371,0,371,670
2019-11-07,PAE,47,2,190,3,242,225,6,231,473
2016-04-19,PAE,16,4,184,0,204,145,0,145,349
2022-02-16,PAE,9,7,165,0,181,418,0,418,599
2022-02-12,PAE,10,2,362,0,374,370,0,370,744
2016-05-18,PAE,19,6,143,0,168,189,0,189,357
2016-04-25,PAE,12,7,89,0,108,155,0,155,263
2016-04-26,PAE,9,7,178,2,196,172,0,172,368
2022-02-07,PAE,28,3,55,0,86,8,2,10,96
2016-05-02,PAE,1,4,184,2,191,160,0,160,351
2019-09-14,PAE,45,2,147,0,194,132,0,132,326
2016-05-01,PAE,5,3,297,1,306,249,0,249,555
2022-02-08,PAE,14,5,165,5,189,289,16,305,494
2016-04-30,PAE,9,2,272,0,283,207,0,207,490
2019-11-10,PAE,50,0,28,0,78,0,0,0,78
2022-02-09,PAE,11,2,136,3,152,344,0,344,496
2016-04-29,PAE,6,10,102,0,118,181,0,181,299
2019-09-15,PAE,44,1,38,1,84,0,0,0,84
2016-04-28,PAE,9,5,183,1,198,135,0,135,333
2022-02-10,PAE,18,2,38,0,58,6,0,6,64
2016-04-27,PAE,6,6,197,2,211,284,0,284,495
2019-09-16,PAE,45,4,123,0,172,316,0,316,488
2022-02-11,PAE,31,6,198,0,235,238,0,238,473
2019-11-09,PAE,39,1,49,0,89,0,0,0,89
2022-01-27,PAE,19,10,179,2,210,348,0,348,558
2016-05-19,PAE,2,5,95,4,106,67,0,67,173
2019-09-06,PAE,48,5,245,0,298,230,0,230,528
2022-01-12,PAE,14,11,54,0,79,122,0,122,201
2016-06-10,PAE,22,0,140,0,162,128,0,128,290
2019-11-22,PAE,48,3,101,10,162,16,0,16,178
2016-06-09,PAE,19,7,149,4,179,213,3,216,395
2022-01-13,PAE,27,1,108,1,137,258,0,258,395
2019-08-28,PAE,48,5,235,0,288,338,0,338,626
2016-06-08,PAE,13,4,158,2,177,134,0,134,311
2022-01-14,PAE,32,5,267,2,306,292,0,292,598
2016-06-07,PAE,8,5,156,0,169,178,0,178,347
2019-08-29,PAE,55,4,204,0,263,288,0,288,551
2016-06-06,PAE,7,4,173,4,188,154,1,155,343
2022-01-15,PAE,8,1,40,0,49,60,0,60,109
2019-11-21,PAE,51,7,247,1,306,280,0,280,586
2016-06-05,PAE,4,2,252,0,258,128,0,128,386
2022-01-16,PAE,18,2,19,0,39,0,0,0,39
2019-08-27,PAE,53,3,203,0,259,288,0,288,547
2016-06-04,PAE,5,3,282,3,293,150,0,150,443
2016-06-11,PAE,12,1,173,0,186,199,0,199,385
2016-06-12,PAE,7,3,224,1,235,221,0,221,456
2016-06-18,PAE,6,0,34,0,40,2,0,2,42
2022-01-07,PAE,32,7,13,10,62,0,0,0,62
2019-08-24,PAE,48,1,257,0,306,249,0,249,555
2016-06-17,PAE,16,9,177,0,202,153,0,153,355
2022-01-08,PAE,22,3,108,0,133,68,0,68,201
2016-06-16,PAE,26,7,187,0,220,197,0,197,417
2019-11-24,PAE,45,1,167,0,213,197,0,197,410
2019-08-25,PAE,49,7,261,0,317,171,0,171,488
2016-06-15,PAE,19,8,158,1,186,190,0,190,376
2022-01-09,PAE,32,1,434,0,467,452,0,452,919
2016-06-14,PAE,20,2,59,0,81,54,0,54,135
2022-01-10,PAE,25,5,40,0,70,71,0,71,141
2016-06-13,PAE,12,7,65,2,86,30,0,30,116
2019-08-26,PAE,47,9,250,0,306,211,0,211,517
2019-11-23,PAE,55,1,147,0,203,141,0,141,344
2022-01-11,PAE,9,3,21,0,33,0,0,0,33
2016-04-18,PAE,5,3,160,0,168,160,0,160,328
2019-08-30,PAE,45,3,190,0,238,259,0,259,497
2022-01-17,PAE,18,0,72,0,90,40,0,40,130
2019-09-03,PAE,46,3,182,2,233,252,0,252,485
2016-05-25,PAE,4,9,143,0,156,152,0,152,308
2022-01-23,PAE,6,0,6,0,12,0,0,0,12
2016-05-24,PAE,2,8,119,3,132,99,0,99,231
2019-09-04,PAE,42,3,183,0,228,275,0,275,503
2022-01-24,PAE,1,1,5,0,7,0,0,0,7
2016-05-23,PAE,17,3,159,0,179,179,0,179,358
2019-11-17,PAE,41,0,37,0,78,15,0,15,93
2016-05-22,PAE,12,3,153,0,168,115,0,115,283
2022-01-25,PAE,6,4,10,2,22,0,0,0,22
2019-09-05,PAE,47,4,221,0,272,288,2,290,562
2016-05-21,PAE,13,2,195,2,212,158,0,158,370
2022-01-26,PAE,12,3,45,0,60,94,0,94,154
2016-05-20,PAE,11,1,183,0,195,154,0,154,349
2019-11-16,PAE,44,2,135,0,181,202,0,202,383
2016-05-26,PAE,15,2,153,0,170,98,0,98,268
2016-06-03,PAE,3,5,189,0,197,211,0,211,408
2022-01-22,PAE,17,1,203,0,221,276,0,276,497
2016-05-27,PAE,17,1,127,1,146,146,0,146,292
2019-11-20,PAE,44,6,275,0,325,312,0,312,637
2016-06-02,PAE,10,2,152,6,170,157,6,163,333
2019-08-31,PAE,46,1,239,0,286,206,0,206,492
2022-01-18,PAE,16,3,29,10,58,0,0,0,58
2016-06-01,PAE,10,6,181,4,201,172,0,172,373
2016-05-31,PAE,17,6,190,0,213,178,0,178,391
2022-01-19,PAE,11,2,129,2,144,225,0,225,369
2019-09-01,PAE,46,3,219,0,268,115,0,115,383
2016-05-30,PAE,7,0,276,0,283,179,0,179,462
2019-11-19,PAE,45,4,50,2,101,105,0,105,206
2022-01-20,PAE,23,5,19,0,47,0,0,0,47
2016-05-29,PAE,5,2,135,0,142,85,0,85,227
2019-09-02,PAE,45,2,226,0,273,144,0,144,417
2016-05-28,PAE,6,0,41,0,47,15,0,15,62
2022-01-21,PAE,30,4,168,0,202,333,0,333,535
2019-11-18,PAE,43,2,37,0,82,55,0,55,137
2019-09-20,PAE,42,7,200,0,249,254,0,254,503
2022-02-17,PAE,26,6,49,0,81,58,0,58,139
2016-04-17,PAE,2,2,249,3,256,152,2,154,410
2016-03-08,PAE,6,5,123,7,141,96,9,105,246
2022-03-16,PAE,21,5,133,3,162,337,0,337,499
2016-03-07,PAE,2,1,25,0,28,0,0,0,28
2019-10-25,PAE,51,3,77,6,137,127,0,127,264
2022-03-17,PAE,36,5,91,2,134,212,0,212,346
2016-03-06,PAE,4,0,22,0,26,56,0,56,82
2019-10-09,PAE,44,6,239,0,289,212,0,212,501
2016-03-05,PAE,2,2,222,0,226,192,0,192,418
2022-03-18,PAE,34,3,162,0,199,360,0,360,559
2016-03-04,PAE,7,5,81,0,93,99,0,99,192
2019-10-10,PAE,45,9,243,0,297,262,0,262,559
2022-03-19,PAE,24,3,8,0,35,0,0,0,35
2016-03-03,PAE,1,6,55,0,62,65,0,65,127
2019-10-24,PAE,48,4,254,0,306,454,0,454,760
2016-03-02,PAE,9,3,90,1,103,70,0,70,173
2019-10-08,PAE,49,1,48,0,98,125,0,125,223
2022-03-20,PAE,29,2,63,0,94,68,0,68,162
2016-03-09,PAE,7,7,54,0,68,63,0,63,131
2019-10-26,PAE,45,2,186,0,233,157,0,157,390
2016-03-16,PAE,10,3,140,2,155,159,0,159,314
2022-03-11,PAE,25,4,181,0,210,362,0,362,572
2016-03-15,PAE,15,4,93,9,121,113,4,117,238
2019-10-05,PAE,40,3,148,0,191,125,0,125,316
2016-03-14,PAE,11,6,20,0,37,10,0,10,47
2022-03-12,PAE,14,1,197,0,212,148,0,148,360
2019-10-27,PAE,46,2,336,0,384,244,0,244,628
2016-03-13,PAE,2,1,36,1,40,13,1,14,54
2019-10-06,PAE,43,5,243,0,291,261,0,261,552
2022-03-13,PAE,23,5,120,0,148,194,0,194,342
2016-03-12,PAE,9,2,18,0,29,7,0,7,36
2016-03-11,PAE,13,2,111,2,128,72,0,72,200
2022-03-14,PAE,24,1,16,2,43,0,0,0,43
2019-10-07,PAE,40,3,36,0,79,9,0,9,88
2016-03-10,PAE,11,13,12,0,36,20,2,22,58
2022-03-15,PAE,9,2,37,0,48,19,0,19,67
2019-10-28,PAE,43,3,185,2,233,283,0,283,516
2019-10-11,PAE,47,7,260,0,314,255,0,255,569
2022-03-21,PAE,28,2,28,0,58,0,0,0,58
2019-10-15,PAE,43,5,174,2,224,192,0,192,416
2016-02-21,PAE,4,1,72,0,77,49,0,49,126
2022-03-27,PAE,30,4,204,0,238,224,0,224,462
2016-02-20,PAE,2,3,214,6,225,299,0,299,524
2019-10-16,PAE,52,6,50,5,113,55,22,77,190
2016-02-19,PAE,16,0,29,2,47,27,0,27,74
2022-03-28,PAE,28,10,24,0,62,0,0,0,62
2019-10-20,PAE,41,0,59,0,100,57,0,57,157
2016-02-18,PAE,26,1,70,1,98,51,2,53,151
2022-03-29,PAE,29,0,161,0,190,288,0,288,478
2016-02-17,PAE,8,5,127,2,142,151,0,151,293
2019-10-17,PAE,53,4,34,0,91,4,0,4,95
2016-02-16,PAE,10,5,45,1,61,16,0,16,77
2022-03-30,PAE,31,3,67,0,101,171,0,171,272
2019-10-19,PAE,43,1,37,0,81,9,0,9,90
2022-03-26,PAE,33,0,196,1,230,354,0,354,584
2016-03-01,PAE,3,7,11,2,23,0,0,0,23
2016-02-22,PAE,18,2,100,3,123,125,0,125,248
2016-02-23,PAE,10,5,181,5,201,183,0,183,384
2016-02-29,PAE,12,2,88,0,102,95,0,95,197
2019-10-23,PAE,43,3,213,0,259,386,1,387,646
2019-10-12,PAE,48,2,210,0,260,199,0,199,459
2016-02-28,PAE,12,3,14,0,29,2,0,2,31
2022-03-22,PAE,32,4,126,0,162,168,0,168,330
2016-02-27,PAE,0,1,134,0,135,100,0,100,235
2022-03-23,PAE,39,8,39,0,86,50,0,50,136
2016-02-26,PAE,10,1,127,2,140,140,0,140,280
2019-10-13,PAE,44,1,141,0,186,87,0,87,273
2019-10-22,PAE,52,12,94,0,158,243,0,243,401
2016-02-25,PAE,18,1,267,6,292,188,3,191,483
2022-03-24,PAE,40,7,239,0,286,341,0,341,627
2016-02-24,PAE,16,2,207,7,232,216,0,216,448
2019-10-14,PAE,47,4,185,0,236,133,0,133,369
2022-03-25,PAE,33,2,226,1,262,381,0,381,643
2019-10-21,PAE,49,2,28,3,82,0,0,0,82
2019-11-25,PAE,44,2,51,0,97,81,0,81,178
2022-03-10,PAE,29,6,239,0,274,454,0,454,728
2019-10-04,PAE,42,3,103,0,148,117,0,117,265
2019-09-24,PAE,53,4,138,0,195,347,0,347,542
2022-02-23,PAE,11,0,245,2,258,471,0,471,729
2016-04-08,PAE,8,11,166,2,187,223,0,223,410
2016-04-07,PAE,2,3,198,0,203,214,0,214,417
2022-02-24,PAE,27,1,144,0,172,246,0,246,418
2019-09-25,PAE,46,10,294,0,350,403,12,415,765
2016-04-06,PAE,6,3,187,4,200,149,0,149,349
2019-11-03,PAE,43,0,199,0,242,247,0,247,489
2022-02-25,PAE,25,3,329,0,357,368,0,368,725
2016-04-05,PAE,30,6,100,0,136,55,0,55,191
2019-09-26,PAE,51,5,90,0,146,200,0,200,346
2016-04-04,PAE,8,1,39,1,49,40,0,40,89
2022-02-26,PAE,11,3,129,0,143,175,0,175,318
2016-04-03,PAE,2,3,205,9,219,243,4,247,466
2019-11-02,PAE,40,0,298,0,338,261,0,261,599
2016-04-09,PAE,3,2,263,0,268,314,0,314,582
2022-02-27,PAE,30,1,29,1,61,0,0,0,61
2019-11-04,PAE,49,2,123,1,175,291,0,291,466
2016-04-10,PAE,3,4,150,0,157,74,0,74,231
2019-11-06,PAE,39,7,158,2,206,361,0,361,567
2016-04-16,PAE,3,2,235,0,240,300,0,300,540
2022-02-18,PAE,28,2,189,0,219,264,0,264,483
2019-09-21,PAE,47,3,236,2,288,106,0,106,394
2016-04-15,PAE,25,8,130,4,167,55,7,62,229
2022-02-19,PAE,16,4,25,0,45,0,0,0,45
2016-04-14,PAE,6,1,129,1,137,155,0,155,292
2019-09-22,PAE,43,3,51,0,97,15,0,15,112
2016-04-13,PAE,13,8,126,2,149,142,0,142,291
2022-02-20,PAE,24,6,49,0,79,113,0,113,192
2019-11-05,PAE,43,4,128,5,180,199,10,209,389
2016-04-12,PAE,20,6,55,4,85,33,0,33,118
2022-02-21,PAE,30,2,40,0,72,88,0,88,160
2016-04-11,PAE,31,8,97,6,142,174,0,174,316
2019-09-23,PAE,43,0,84,0,127,107,0,107,234
2022-02-22,PAE,12,7,98,0,117,216,0,216,333
2016-03-17,PAE,6,5,346,3,360,272,0,272,632
2016-04-02,PAE,16,2,156,0,174,163,0,163,337
2016-04-01,PAE,51,9,230,0,290,229,0,229,519
2019-10-01,PAE,50,0,294,2,346,286,0,286,632
2019-10-30,PAE,44,5,225,0,274,342,0,342,616
2016-03-23,PAE,12,0,48,0,60,21,0,21,81
2022-03-06,PAE,24,5,201,0,230,361,18,379,609
2016-03-22,PAE,22,5,97,7,131,38,0,38,169
2019-10-02,PAE,42,5,196,0,243,270,0,270,513
2022-03-07,PAE,27,1,81,1,110,115,0,115,225
2016-03-21,PAE,11,2,64,0,77,39,0,39,116
2019-10-29,PAE,47,3,212,0,262,292,0,292,554
2016-03-20,PAE,9,5,104,0,118,241,0,241,359
2022-03-08,PAE,17,7,44,0,68,11,0,11,79
2019-10-03,PAE,45,4,84,2,135,56,0,56,191
2016-03-19,PAE,2,0,265,0,267,246,0,246,513
2022-03-09,PAE,34,6,258,1,299,310,0,310,609
2016-03-18,PAE,22,6,243,2,273,169,0,169,442
2016-03-24,PAE,23,7,82,0,112,94,0,94,206
2019-09-27,PAE,41,6,80,0,127,85,0,85,212
2022-03-05,PAE,12,3,265,0,280,405,0,405,685
2022-03-04,PAE,27,2,120,0,149,166,0,166,315
2022-02-28,PAE,31,6,19,0,56,0,0,0,56
2016-03-31,PAE,6,3,267,2,278,229,0,229,507
2019-09-28,PAE,42,4,221,0,267,199,10,209,476
2022-03-01,PAE,9,3,73,0,85,67,0,67,152
2016-03-30,PAE,5,2,306,3,316,393,7,400,716
2019-11-01,PAE,47,8,227,0,282,261,0,261,543
2016-03-29,PAE,9,2,171,0,182,140,0,140,322
2022-03-02,PAE,14,5,56,5,80,54,0,54,134
2019-09-29,PAE,53,3,193,2,251,236,2,238,489
2016-03-28,PAE,2,7,95,0,104,75,0,75,179
2022-03-03,PAE,31,4,77,0,112,77,0,77,189
2016-03-27,PAE,2,3,42,0,47,65,0,65,112
2019-10-31,PAE,36,9,167,0,212,283,0,283,495
2019-09-30,PAE,43,7,216,0,266,320,0,320,586
2016-03-26,PAE,1,4,256,3,264,256,0,256,520
2016-03-25,PAE,12,1,133,0,146,236,0,236,382
2016-10-23,PAE,8,5,166,0,179,145,0,145,324
2016-06-19,PAE,8,3,273,0,284,151,0,151,435
2019-08-23,PAE,55,3,227,0,285,282,0,282,567
2021-11-10,PAE,11,5,192,0,208,641,0,641,849
2016-09-12,PAE,5,6,196,3,210,239,0,239,449
2019-12-20,PAE,54,6,10,0,70,1,0,1,71
2021-11-11,PAE,19,1,12,0,32,0,0,0,32
2016-09-11,PAE,0,2,199,2,203,188,0,188,391
2019-07-17,PAE,42,5,51,0,98,15,0,15,113
2016-09-13,PAE,10,1,209,0,220,129,0,129,349
2016-09-10,PAE,13,1,262,3,279,218,0,218,497
2016-09-09,PAE,7,9,213,0,229,279,0,279,508
2019-07-18,PAE,49,5,169,2,225,211,0,211,436
2021-11-13,PAE,8,0,162,0,170,325,0,325,495
2016-09-08,PAE,14,3,169,11,197,251,2,253,450
2019-12-19,PAE,48,2,62,0,112,30,0,30,142
2016-09-07,PAE,6,2,61,0,69,65,0,65,134
2021-11-12,PAE,13,2,46,0,61,6,0,6,67
2019-07-16,PAE,47,3,215,0,265,252,0,252,517
2016-09-14,PAE,4,2,241,0,247,183,0,183,430
2021-11-09,PAE,14,1,18,0,33,20,0,20,53
2021-11-05,PAE,17,6,117,0,140,0,0,0,140
2016-09-20,PAE,12,1,196,1,210,132,0,132,342
2019-07-13,PAE,42,0,325,0,367,262,0,262,629
2016-09-19,PAE,12,1,58,0,71,60,0,60,131
2021-11-06,PAE,10,2,26,0,38,63,0,63,101
2019-12-22,PAE,41,5,103,0,149,89,7,96,245
2016-09-18,PAE,17,1,158,0,176,129,0,129,305
2019-07-14,PAE,42,1,242,0,285,168,0,168,453
2021-11-07,PAE,10,2,43,0,55,2,0,2,57
2016-09-17,PAE,12,1,31,0,44,12,0,12,56
2016-09-16,PAE,23,2,222,2,249,148,0,148,397
2021-11-08,PAE,18,8,246,2,274,315,0,315,589
2019-07-15,PAE,47,7,173,0,227,193,0,193,420
2016-09-15,PAE,7,3,173,11,194,169,0,169,363
2019-12-21,PAE,43,5,41,0,89,40,0,40,129
2021-11-14,PAE,11,0,11,0,22,0,0,0,22
2019-07-19,PAE,46,1,236,2,285,194,0,194,479
2016-09-06,PAE,9,1,122,1,133,135,0,135,268
2021-11-15,PAE,16,5,20,0,41,0,0,0,41
2019-07-23,PAE,46,5,124,0,175,287,0,287,462
2016-08-28,PAE,8,2,204,0,214,112,0,112,326
2021-11-21,PAE,13,2,241,2,258,424,0,424,682
2016-08-27,PAE,5,2,165,0,172,140,0,140,312
2019-07-24,PAE,42,1,244,0,287,309,0,309,596
2016-08-26,PAE,21,1,208,0,230,232,0,232,462
2021-11-22,PAE,16,2,64,0,82,64,0,64,146
2019-12-15,PAE,44,4,107,1,156,62,0,62,218
2016-08-25,PAE,10,5,194,4,213,163,11,174,387
2021-11-23,PAE,22,4,115,0,141,232,0,232,373
2016-08-24,PAE,8,2,257,0,267,198,0,198,465
2019-07-25,PAE,42,4,219,0,265,248,0,248,513
2016-08-23,PAE,7,2,227,2,238,283,0,283,521
2021-11-24,PAE,22,4,192,0,218,353,0,353,571
2019-12-14,PAE,46,0,56,1,103,0,0,0,103
2021-11-20,PAE,15,7,203,0,225,376,0,376,601
2016-09-21,PAE,8,4,171,0,183,164,0,164,347
2016-08-29,PAE,4,8,169,5,186,197,11,208,394
2016-08-30,PAE,8,6,180,2,196,197,0,197,393
2016-09-05,PAE,4,0,127,0,131,118,0,118,249
2019-12-18,PAE,52,10,136,0,198,202,0,202,400
2019-07-20,PAE,44,6,285,0,335,277,0,277,612
2016-09-04,PAE,10,2,250,0,262,132,0,132,394
2021-11-16,PAE,19,3,209,2,233,473,0,473,706
2016-09-03,PAE,1,6,146,0,153,177,0,177,330
2021-11-17,PAE,16,0,275,3,294,449,0,449,743
2016-09-02,PAE,9,1,78,0,88,35,0,35,123
2019-07-21,PAE,44,2,275,0,321,149,0,149,470
2019-12-17,PAE,67,5,209,6,287,283,0,283,570
2016-09-01,PAE,16,7,99,0,122,219,0,219,341
2021-11-18,PAE,12,5,98,2,117,141,0,141,258
2016-08-31,PAE,10,0,101,2,113,119,0,119,232
2019-07-22,PAE,54,4,228,0,286,224,0,224,510
2021-11-19,PAE,23,7,115,10,155,205,0,205,360
2019-12-16,PAE,56,1,128,1,186,115,0,115,301
2019-12-23,PAE,49,6,50,0,105,0,0,0,105
2021-11-04,PAE,12,6,32,0,50,12,0,12,62
2016-09-22,PAE,12,11,274,1,298,245,0,245,543
2021-10-20,PAE,16,6,64,2,88,84,0,84,172
2016-10-14,PAE,5,1,3,2,11,0,0,0,11
2016-10-13,PAE,2,8,13,1,24,0,0,0,24
2021-10-21,PAE,24,0,118,0,142,140,0,140,282
2019-07-03,PAE,41,4,147,0,192,96,0,96,288
2016-10-12,PAE,9,8,248,3,268,262,0,262,530
2019-12-29,PAE,38,1,219,0,258,165,0,165,423
2021-10-22,PAE,20,3,80,2,105,213,0,213,318
2016-10-11,PAE,14,4,234,0,252,336,0,336,588
2019-07-04,PAE,38,6,136,0,180,109,0,109,289
2016-10-10,PAE,23,4,153,0,180,250,0,250,430
2021-10-23,PAE,15,0,113,0,128,344,0,344,472
2016-10-09,PAE,10,2,124,0,136,156,0,156,292
2019-12-28,PAE,40,2,199,0,241,154,0,154,395
2021-10-24,PAE,22,3,33,0,58,6,0,6,64
2019-07-02,PAE,46,4,80,0,130,4,0,4,134
2016-10-08,PAE,5,0,36,0,41,0,0,0,41
2016-10-15,PAE,9,1,7,0,17,13,0,13,30
2021-10-19,PAE,19,6,301,2,328,526,0,526,854
2016-10-22,PAE,11,2,307,0,320,278,0,278,598
2021-10-15,PAE,23,4,82,0,109,167,0,167,276
2019-06-29,PAE,40,0,267,0,307,237,0,237,544
2016-10-21,PAE,16,9,98,2,125,125,1,126,251
2021-10-16,PAE,16,2,173,2,193,131,0,131,324
2016-10-20,PAE,4,2,15,0,21,1,0,1,22
2019-06-30,PAE,41,1,279,1,322,170,0,170,492
2016-10-19,PAE,12,2,168,0,182,231,0,231,413
2021-10-17,PAE,10,3,100,0,113,20,0,20,133
2019-12-31,PAE,36,0,12,0,48,12,0,12,60
2016-10-18,PAE,12,6,65,2,85,49,0,49,134
2021-10-18,PAE,18,0,182,0,200,370,0,370,570
2016-10-17,PAE,17,5,44,0,66,36,0,36,102
2019-07-01,PAE,54,9,193,0,256,130,3,133,389
2016-10-16,PAE,5,3,31,0,39,51,0,51,90
2019-12-30,PAE,41,3,19,0,63,12,0,12,75
2016-08-22,PAE,9,14,181,2,206,263,0,263,469
2019-07-05,PAE,61,1,165,0,227,188,0,188,415
2021-10-25,PAE,18,6,19,0,43,4,2,6,49
2019-12-25,PAE,36,0,38,0,74,17,0,17,91
2016-09-28,PAE,6,1,154,7,168,203,0,203,371
2021-10-31,PAE,11,5,297,2,315,456,0,456,771
2016-09-27,PAE,13,11,148,3,175,82,0,82,257
2019-07-10,PAE,47,2,82,6,137,27,0,27,164
2021-11-01,PAE,12,2,138,0,152,181,4,185,337
2016-09-26,PAE,19,1,172,0,192,205,0,205,397
2019-12-24,PAE,43,2,78,0,123,222,0,222,345
2016-09-25,PAE,8,2,209,1,220,121,0,121,341
2021-11-02,PAE,17,5,129,0,151,234,0,234,385
2019-07-11,PAE,51,3,208,2,264,242,0,242,506
2016-09-24,PAE,5,2,235,0,242,201,0,201,443
2021-11-03,PAE,19,4,186,11,220,286,10,296,516
2016-09-23,PAE,25,4,70,0,99,146,6,152,251
2019-07-12,PAE,43,6,266,2,317,273,0,273,590
2019-07-09,PAE,40,0,216,2,258,267,0,267,525
2016-10-07,PAE,22,0,86,0,108,124,0,124,232
2016-09-29,PAE,11,4,140,0,155,144,0,144,299
2016-09-30,PAE,13,3,183,2,201,300,0,300,501
2016-10-06,PAE,6,4,93,5,108,142,0,142,250
2019-07-06,PAE,43,0,227,1,271,150,0,150,421
2021-10-26,PAE,22,3,39,2,66,157,0,157,223
2016-10-05,PAE,10,4,124,0,138,176,0,176,314
2019-12-27,PAE,47,1,34,0,82,0,0,0,82
2016-10-04,PAE,4,4,58,0,66,41,0,41,107
2021-10-27,PAE,28,3,89,2,122,220,1,221,343
2019-07-07,PAE,41,1,191,0,233,188,1,189,422
2016-10-03,PAE,16,9,141,0,166,192,0,192,358
2021-10-28,PAE,21,8,21,4,54,0,0,0,54
2016-10-02,PAE,8,11,180,0,199,111,0,111,310
2019-12-26,PAE,38,0,80,0,118,23,0,23,141
2019-07-08,PAE,42,3,182,4,231,202,0,202,433
2016-10-01,PAE,6,1,119,0,126,121,0,121,247
2021-10-29,PAE,27,4,134,0,165,362,0,362,527
2021-10-30,PAE,11,4,338,0,353,471,0,471,824
2019-07-26,PAE,46,7,263,0,316,131,0,131,447
2021-11-25,PAE,0,1,13,0,14,3,0,3,17
2016-08-21,PAE,0,0,180,0,180,149,0,149,329
2016-07-12,PAE,15,6,205,7,233,227,6,233,466
2021-12-22,PAE,31,6,50,0,87,22,0,22,109
2016-07-11,PAE,9,8,148,2,167,200,0,200,367
2021-12-23,PAE,17,3,80,0,100,102,0,102,202
2016-07-10,PAE,0,1,197,0,198,127,0,127,325
2019-08-14,PAE,46,4,243,0,293,268,0,268,561
2019-12-01,PAE,38,3,91,0,132,192,0,192,324
2016-07-09,PAE,0,1,149,0,150,208,0,208,358
2021-12-24,PAE,8,2,15,0,25,30,0,30,55
2016-07-08,PAE,29,14,163,0,206,166,0,166,372
2019-08-15,PAE,50,2,280,0,332,311,0,311,643
2021-12-25,PAE,8,0,7,0,15,10,0,10,25
2016-07-07,PAE,19,4,107,4,134,113,18,131,265
2019-11-30,PAE,48,3,283,0,334,293,0,293,627
2016-07-06,PAE,10,2,240,2,254,274,0,274,528
2019-08-13,PAE,46,3,235,2,286,323,0,323,609
2021-12-26,PAE,4,2,1,0,7,0,0,0,7
2019-12-02,PAE,33,3,161,0,197,307,0,307,504
2021-12-21,PAE,21,3,32,2,58,0,0,0,58
2019-12-04,PAE,47,5,40,4,96,0,0,0,96
2021-12-17,PAE,21,5,205,0,231,224,0,224,455
2016-07-19,PAE,3,4,221,14,242,400,5,405,647
2019-08-10,PAE,42,6,112,0,160,66,0,66,226
2016-07-18,PAE,24,9,120,0,153,183,0,183,336
2021-12-18,PAE,10,4,9,0,23,2,0,2,25
2016-07-17,PAE,4,0,233,0,237,147,0,147,384
2019-08-11,PAE,38,7,232,0,277,144,0,144,421
2021-12-19,PAE,15,5,310,0,330,260,0,260,590
2016-07-16,PAE,8,3,236,0,247,210,0,210,457
2019-12-03,PAE,38,3,86,17,144,184,12,196,340
2016-07-15,PAE,19,2,188,4,213,256,3,259,472
2021-12-20,PAE,18,4,87,0,109,190,0,190,299
2019-08-12,PAE,43,5,213,0,261,191,0,191,452
2016-07-14,PAE,12,4,286,7,309,215,20,235,544
2016-07-13,PAE,10,5,227,1,243,204,3,207,450
2016-07-20,PAE,16,18,230,4,268,289,0,289,557
2019-08-16,PAE,55,3,211,0,269,169,0,169,438
2021-12-27,PAE,5,9,28,0,42,0,0,0,42
2016-06-26,PAE,0,4,236,0,240,199,0,199,439
2019-11-27,PAE,49,4,137,0,190,160,0,160,350
2022-01-02,PAE,13,3,23,0,39,1,0,1,40
2016-06-25,PAE,8,6,215,0,229,223,0,223,452
2019-08-21,PAE,47,1,71,8,127,33,0,33,160
2016-06-24,PAE,34,16,59,0,109,32,0,32,141
2022-01-03,PAE,10,8,20,0,38,22,0,22,60
2016-06-23,PAE,21,5,75,2,103,65,0,65,168
2019-11-26,PAE,44,10,133,4,191,236,0,236,427
2022-01-04,PAE,13,5,25,0,43,24,0,24,67
2016-06-22,PAE,23,5,227,1,256,174,0,174,430
2019-08-22,PAE,42,8,231,0,281,340,0,340,621
2016-06-21,PAE,15,2,154,0,171,155,0,155,326
2022-01-05,PAE,15,7,24,0,46,26,0,26,72
2016-06-20,PAE,7,14,159,2,182,147,0,147,329
2019-08-20,PAE,45,5,275,6,331,370,10,380,711
2016-07-05,PAE,1,3,105,0,109,28,0,28,137
2022-01-01,PAE,7,2,56,0,65,46,0,46,111
2016-06-28,PAE,13,11,180,2,206,101,0,101,307
2016-07-04,PAE,0,0,101,2,103,50,0,50,153
2019-08-17,PAE,41,6,199,0,246,243,0,243,489
2016-07-03,PAE,1,3,159,0,163,121,0,121,284
2021-12-28,PAE,11,5,31,0,47,0,0,0,47
2019-11-29,PAE,38,2,192,0,232,140,0,140,372
2016-07-02,PAE,0,1,148,2,151,159,0,159,310
2021-12-29,PAE,8,5,103,0,116,95,0,95,211
2016-07-01,PAE,16,5,216,2,239,212,0,212,451
2019-08-18,PAE,52,0,219,0,271,85,0,85,356
2016-06-30,PAE,15,10,214,0,239,236,0,236,475
2021-12-30,PAE,15,5,11,0,31,8,0,8,39
2019-11-28,PAE,33,0,95,0,128,82,0,82,210
2016-06-29,PAE,8,4,160,0,172,159,0,159,331
2019-08-19,PAE,40,7,198,0,245,386,0,386,631
2021-12-31,PAE,15,2,61,0,78,99,0,99,177
2016-06-27,PAE,7,7,176,2,192,200,0,200,392
2022-01-06,PAE,22,7,26,0,55,0,0,0,55
2021-12-16,PAE,14,6,14,0,34,29,0,29,63
2019-08-09,PAE,47,7,182,0,236,326,0,326,562
2021-12-01,PAE,16,6,56,2,80,105,0,105,185
2016-08-12,PAE,13,8,249,4,274,184,0,184,458
2019-12-11,PAE,50,1,55,15,121,19,18,37,158
2016-08-11,PAE,7,5,206,0,218,266,0,266,484
2021-12-02,PAE,20,0,129,0,149,311,0,311,460
2019-07-31,PAE,40,5,249,5,299,249,0,249,548
2016-08-10,PAE,18,8,154,1,181,202,1,203,384
2021-12-03,PAE,15,2,175,0,192,244,0,244,436
2016-08-09,PAE,7,4,84,0,95,145,0,145,240
2019-12-10,PAE,39,6,44,2,91,10,0,10,101
2019-08-01,PAE,45,4,203,0,252,150,0,150,402
2016-08-08,PAE,8,3,69,6,86,154,0,154,240
2021-12-04,PAE,14,1,11,0,26,0,0,0,26
2016-08-07,PAE,6,6,143,0,155,246,0,246,401
2021-12-05,PAE,12,6,241,0,259,378,0,378,637
2019-07-30,PAE,44,8,237,0,289,296,0,296,585
2016-08-06,PAE,6,0,252,2,260,264,0,264,524
2016-08-13,PAE,3,2,286,2,293,168,0,168,461
2016-08-14,PAE,10,3,279,2,294,262,12,274,568
2016-08-20,PAE,1,3,295,0,299,94,0,94,393
2021-11-26,PAE,14,0,31,0,45,35,0,35,80
2019-07-27,PAE,40,1,135,0,176,219,0,219,395
2016-08-19,PAE,19,2,213,0,234,164,0,164,398
2019-12-13,PAE,48,2,103,2,155,138,0,138,293
2021-11-27,PAE,10,7,51,0,68,43,0,43,111
2016-08-18,PAE,19,5,189,4,217,262,12,274,491
2019-07-28,PAE,46,2,487,0,535,57,0,57,592
2016-08-17,PAE,12,2,202,3,219,203,11,214,433
2021-11-28,PAE,12,5,35,0,52,1,0,1,53
2016-08-16,PAE,11,1,173,0,185,217,0,217,402
2019-12-12,PAE,63,8,11,2,84,0,0,0,84
2021-11-29,PAE,15,9,98,0,122,166,0,166,288
2016-08-15,PAE,14,5,154,0,173,274,0,274,447
2019-07-29,PAE,43,3,225,3,274,141,11,152,426
2021-11-30,PAE,23,5,23,2,53,30,0,30,83
2016-07-21,PAE,17,3,228,3,251,426,2,428,679
2019-08-02,PAE,51,8,164,0,223,186,0,186,409
2016-08-05,PAE,5,9,189,8,211,322,0,322,533
2019-08-06,PAE,48,1,212,0,261,230,0,230,491
2016-07-27,PAE,12,7,237,2,258,317,24,341,599
2021-12-12,PAE,16,5,33,0,54,38,0,38,92
2019-12-06,PAE,45,3,155,0,203,168,0,168,371
2016-07-26,PAE,13,8,137,6,164,137,0,137,301
2019-08-07,PAE,48,5,204,1,258,253,0,253,511
2021-12-13,PAE,21,10,126,4,161,343,0,343,504
2016-07-25,PAE,14,5,218,1,238,241,20,261,499
2016-07-24,PAE,8,3,267,0,278,141,0,141,419
2021-12-14,PAE,20,5,68,0,93,65,0,65,158
2019-08-08,PAE,47,7,152,0,206,254,0,254,460
2016-07-23,PAE,14,2,423,0,439,218,0,218,657
2019-12-05,PAE,49,3,59,0,111,29,0,29,140
2021-12-15,PAE,15,2,100,0,117,169,0,169,286
2016-07-22,PAE,8,7,59,2,76,10,0,10,86
2016-07-28,PAE,2,4,161,4,171,134,28,162,333
2019-12-09,PAE,39,9,19,2,69,0,0,0,69
2021-12-11,PAE,14,3,40,0,57,12,0,12,69
2019-12-07,PAE,44,0,40,0,84,0,0,0,84
2021-12-06,PAE,15,3,15,0,33,0,0,0,33
2016-08-04,PAE,13,11,187,0,211,183,21,204,415
2019-08-03,PAE,49,1,311,0,361,297,0,297,658
2021-12-07,PAE,19,9,13,0,41,0,0,0,41
2016-08-03,PAE,14,2,175,0,191,308,0,308,499
2019-12-08,PAE,38,0,50,0,88,2,0,2,90
2016-08-02,PAE,17,4,72,2,95,92,0,92,187
2021-12-08,PAE,12,7,138,0,157,305,0,305,462
2019-08-04,PAE,43,3,253,0,299,230,0,230,529
2016-08-01,PAE,4,8,176,0,188,232,0,232,420
2021-12-09,PAE,15,4,45,0,64,121,0,121,185
2016-07-31,PAE,3,2,185,3,193,175,0,175,368
2019-08-05,PAE,46,5,224,11,286,321,6,327,613
2016-07-30,PAE,9,6,280,7,302,233,4,237,539
2021-12-10,PAE,16,8,33,0,57,146,0,146,203
2016-07-29,PAE,10,7,241,6,264,220,0,220,484
2017-04-03,PAE,6,3,168,2,179,207,0,207,386
2017-05-24,PAE,12,4,117,3,136,182,0,182,318
2019-04-17,PAE,48,3,134,0,185,96,0,96,281
2020-11-10,PAE,18,2,48,0,68,0,0,0,68
2018-03-14,PAE,14,6,68,2,90,56,0,56,146
2018-11-15,PAE,19,1,98,1,119,151,4,155,274
2020-05-30,PAE,0,4,24,0,28,20,0,20,48
2018-03-13,PAE,10,3,72,1,86,23,2,25,111
2020-11-11,PAE,17,4,204,0,225,552,2,554,779
2018-03-12,PAE,3,5,193,0,201,109,0,109,310
2018-11-16,PAE,22,4,72,0,98,8,0,8,106
2020-11-12,PAE,18,5,67,0,90,177,0,177,267
2018-03-11,PAE,4,0,344,2,350,176,0,176,526
2020-05-29,PAE,1,20,224,4,249,285,0,285,534
2018-03-10,PAE,7,1,350,0,358,256,0,256,614
2020-11-13,PAE,18,6,35,0,59,119,0,119,178
2018-11-17,PAE,3,0,281,0,284,139,0,139,423
2018-03-09,PAE,12,2,184,0,198,137,0,137,335
2018-03-15,PAE,12,0,232,0,244,311,0,311,555
2020-11-14,PAE,17,7,142,0,166,219,0,219,385
2020-11-09,PAE,16,8,122,0,146,286,0,286,432
2018-11-14,PAE,23,1,26,0,50,3,0,3,53
2018-11-11,PAE,1,0,264,0,265,341,0,341,606
2018-03-22,PAE,13,4,25,0,42,22,0,22,64
2020-11-05,PAE,14,5,43,2,64,108,0,108,172
2018-03-21,PAE,5,2,209,0,216,222,4,226,442
2018-11-12,PAE,11,2,178,0,191,172,0,172,363
2020-11-06,PAE,19,5,165,4,193,276,0,276,469
2018-03-20,PAE,12,10,216,1,239,354,0,354,593
2020-06-01,PAE,22,5,156,1,184,384,0,384,568
2018-03-19,PAE,12,0,174,2,188,265,0,265,453
2020-11-07,PAE,13,3,118,0,134,353,0,353,487
2018-11-13,PAE,14,4,134,3,155,137,10,147,302
2018-03-18,PAE,8,0,185,0,193,186,0,186,379
2020-11-08,PAE,14,0,320,2,336,255,2,257,593
2018-03-17,PAE,7,0,162,2,171,169,0,169,340
2020-05-31,PAE,0,2,94,0,96,80,0,80,176
2018-03-16,PAE,8,2,247,0,257,190,0,190,447
2018-03-08,PAE,11,5,37,2,55,8,0,8,63
2018-11-18,PAE,0,0,248,0,248,156,0,156,404
2018-03-07,PAE,3,3,148,0,154,188,0,188,342
2018-11-22,PAE,0,0,13,0,13,0,0,0,13
2018-02-26,PAE,17,1,156,0,174,228,0,228,402
2020-11-21,PAE,16,8,321,0,345,359,0,359,704
2018-02-25,PAE,1,4,37,0,42,48,0,48,90
2020-05-25,PAE,0,0,71,0,71,0,0,0,71
2020-11-22,PAE,14,4,123,0,141,408,0,408,549
2018-02-24,PAE,3,3,105,0,111,97,0,97,208
2018-11-23,PAE,5,0,18,0,23,0,0,0,23
2018-02-23,PAE,9,2,51,0,62,28,0,28,90
2020-11-23,PAE,11,5,51,1,68,98,6,104,172
2018-02-22,PAE,11,6,150,3,170,150,2,152,322
2018-11-24,PAE,9,2,157,0,168,186,0,186,354
2020-11-24,PAE,28,8,9,5,50,12,2,14,64
2018-02-21,PAE,22,4,113,1,140,163,0,163,303
2020-05-24,PAE,0,4,180,0,184,162,0,162,346
2018-02-27,PAE,1,2,59,0,62,47,0,47,109
2020-11-20,PAE,17,4,138,4,163,191,13,204,367
2020-05-26,PAE,0,13,125,3,141,183,6,189,330
2018-02-28,PAE,2,4,47,0,53,51,0,51,104
2020-11-15,PAE,15,7,83,0,105,111,0,111,216
2020-05-28,PAE,9,11,207,0,227,304,0,304,531
2018-03-06,PAE,8,0,269,7,284,208,8,216,500
2020-11-16,PAE,14,9,40,0,63,50,0,50,113
2018-03-05,PAE,16,1,85,0,102,219,0,219,321
2018-11-19,PAE,13,10,176,2,201,145,0,145,346
2018-03-04,PAE,1,0,141,0,142,177,0,177,319
2018-03-23,PAE,7,7,30,0,44,13,0,13,57
2020-11-17,PAE,17,5,28,0,50,3,0,3,53
2018-03-03,PAE,2,2,310,0,314,351,0,351,665
2018-11-20,PAE,17,13,221,0,251,120,0,120,371
2020-11-18,PAE,10,3,48,0,61,24,0,24,85
2018-03-02,PAE,8,2,112,0,122,180,0,180,302
2018-03-01,PAE,15,1,178,7,201,279,16,295,496
2020-11-19,PAE,19,4,77,0,100,141,0,141,241
2018-11-21,PAE,7,11,99,0,117,178,0,178,295
2020-05-27,PAE,4,9,206,0,219,233,2,235,454
2020-11-04,PAE,12,5,17,0,34,0,0,0,34
2020-06-02,PAE,3,4,166,2,175,382,10,392,567
2018-03-24,PAE,10,1,111,0,122,145,0,145,267
2020-06-09,PAE,2,7,46,0,55,18,0,18,73
2018-04-15,PAE,4,1,117,0,122,147,0,147,269
2020-10-20,PAE,9,3,204,0,216,457,0,457,673
2018-11-01,PAE,6,5,26,0,37,0,0,0,37
2018-04-14,PAE,4,0,39,0,43,0,0,0,43
2020-10-21,PAE,24,2,146,0,172,323,0,323,495
2018-04-13,PAE,16,0,24,0,40,7,0,7,47
2020-06-08,PAE,10,6,128,0,144,203,4,207,351
2018-11-02,PAE,3,6,135,1,145,161,0,161,306
2018-04-12,PAE,1,2,75,0,78,60,0,60,138
2020-10-22,PAE,14,4,217,0,235,400,0,400,635
2018-04-11,PAE,1,4,43,0,48,88,0,88,136
2020-10-23,PAE,16,4,53,2,75,59,0,59,134
2018-04-10,PAE,15,2,38,27,82,42,22,64,146
2018-11-03,PAE,5,0,45,0,50,0,0,0,50
2018-04-16,PAE,9,1,29,0,39,2,0,2,41
2020-10-19,PAE,15,6,64,0,85,213,0,213,298
2018-10-31,PAE,9,2,17,0,28,3,0,3,31
2018-04-17,PAE,9,0,94,0,103,121,0,121,224
2020-10-14,PAE,22,13,179,0,214,441,0,441,655
2018-10-28,PAE,5,2,52,0,59,51,0,51,110
2018-04-23,PAE,7,2,239,0,248,224,0,224,472
2020-06-11,PAE,9,4,154,0,167,374,0,374,541
2020-10-15,PAE,15,7,342,0,364,527,0,527,891
2018-04-22,PAE,0,0,252,0,252,200,0,200,452
2018-10-29,PAE,5,3,78,0,86,24,0,24,110
2020-06-07,PAE,2,4,133,0,139,188,0,188,327
2018-04-21,PAE,9,0,166,0,175,173,0,173,348
2018-04-20,PAE,5,2,293,2,302,222,12,234,536
2020-06-10,PAE,18,5,157,0,180,159,0,159,339
2020-10-17,PAE,14,1,81,0,96,130,0,130,226
2018-04-19,PAE,17,3,330,0,350,277,0,277,627
2018-10-30,PAE,6,1,134,4,145,231,0,231,376
2018-04-18,PAE,9,5,181,0,195,268,0,268,463
2020-10-18,PAE,14,4,42,1,61,2,0,2,63
2020-10-16,PAE,23,2,51,0,76,32,0,32,108
2018-02-20,PAE,11,1,148,0,160,350,0,350,510
2018-04-09,PAE,4,3,343,0,350,287,0,287,637
2018-04-08,PAE,3,0,33,0,36,13,0,13,49
2020-06-04,PAE,3,10,243,0,256,416,0,416,672
2018-03-30,PAE,20,10,114,2,146,181,0,181,327
2018-11-08,PAE,11,2,245,2,260,255,0,255,515
2020-10-31,PAE,8,2,342,0,352,415,0,415,767
2018-03-29,PAE,6,11,106,9,132,199,6,205,337
2018-03-28,PAE,8,4,107,4,123,330,0,330,453
2020-11-01,PAE,10,4,330,0,344,374,0,374,718
2018-11-09,PAE,13,1,67,0,81,178,0,178,259
2018-03-27,PAE,12,8,40,3,63,0,0,0,63
2020-06-03,PAE,11,5,193,3,212,333,6,339,551
2020-11-02,PAE,6,10,244,0,260,279,0,279,539
2018-03-26,PAE,4,1,30,0,35,0,0,0,35
2018-11-10,PAE,6,3,164,0,173,124,0,124,297
2018-03-25,PAE,4,1,209,0,214,270,0,270,484
2020-11-03,PAE,7,8,12,0,27,0,0,0,27
2020-10-30,PAE,12,1,159,0,172,288,0,288,460
2018-03-31,PAE,4,4,272,0,280,152,0,152,432
2018-11-07,PAE,14,1,184,0,199,210,0,210,409
2018-04-01,PAE,2,2,18,0,22,13,0,13,35
2018-11-04,PAE,6,0,187,0,193,158,0,158,351
2020-10-25,PAE,11,6,346,0,363,515,0,515,878
2018-04-07,PAE,5,2,13,0,20,24,0,24,44
2020-06-06,PAE,0,5,80,0,85,216,0,216,301
2018-04-06,PAE,4,4,170,2,180,99,0,99,279
2020-10-26,PAE,17,5,210,1,233,534,0,534,767
2018-11-05,PAE,4,3,73,2,82,58,0,58,140
2020-10-24,PAE,8,4,237,0,249,420,0,420,669
2018-04-05,PAE,4,2,28,0,34,7,0,7,41
2018-04-04,PAE,4,0,70,2,76,8,0,8,84
2018-11-06,PAE,7,7,147,8,169,277,36,313,482
2018-04-03,PAE,4,3,178,4,189,195,0,195,384
2020-10-28,PAE,12,6,154,7,179,150,0,150,329
2020-06-05,PAE,17,6,201,1,225,210,0,210,435
2018-04-02,PAE,1,6,165,0,172,230,0,230,402
2020-10-29,PAE,17,10,174,3,204,184,8,192,396
2020-10-27,PAE,12,6,209,0,227,285,0,285,512
2018-04-24,PAE,5,6,222,8,241,219,50,269,510
2020-11-25,PAE,29,3,143,0,175,201,0,201,376
2018-02-19,PAE,5,5,225,0,235,231,0,231,466
2018-01-09,PAE,2,3,41,3,49,56,0,56,105
2020-12-23,PAE,22,1,221,0,244,263,0,263,507
2020-05-11,PAE,5,3,128,2,138,75,0,75,213
2018-01-08,PAE,17,3,119,14,153,140,2,142,295
2018-12-14,PAE,12,1,41,0,54,31,0,31,85
2020-12-24,PAE,16,8,182,0,206,168,0,168,374
2018-01-07,PAE,6,3,54,0,63,109,0,109,172
2018-01-06,PAE,10,0,34,0,44,6,0,6,50
2020-12-25,PAE,11,3,12,0,26,7,0,7,33
2018-12-15,PAE,7,0,308,1,316,261,0,261,577
2018-01-05,PAE,2,0,77,0,79,70,0,70,149
2020-05-10,PAE,2,1,172,0,175,165,0,165,340
2020-12-26,PAE,15,5,28,0,48,6,0,6,54
2018-01-04,PAE,19,6,102,2,129,135,0,135,264
2018-12-16,PAE,0,2,51,1,54,94,0,94,148
2018-12-13,PAE,11,4,24,4,43,40,0,40,83
2018-01-03,PAE,2,2,199,0,203,210,0,210,413
2018-01-10,PAE,6,4,72,0,82,24,0,24,106
2018-01-11,PAE,11,1,30,0,42,2,0,2,44
2018-01-17,PAE,18,2,57,6,83,58,0,58,141
2018-12-10,PAE,22,4,52,0,78,9,0,9,87
2020-12-18,PAE,20,1,27,10,58,28,0,28,86
2018-01-16,PAE,16,2,88,0,106,98,0,98,204
2020-05-13,PAE,31,4,101,2,138,114,0,114,252
2018-01-15,PAE,7,0,202,0,209,222,0,222,431
2020-12-19,PAE,21,3,49,0,73,20,0,20,93
2018-12-11,PAE,34,1,17,0,52,0,0,0,52
2018-01-14,PAE,3,9,356,0,368,287,0,287,655
2020-12-20,PAE,25,8,63,0,96,101,0,101,197
2018-01-13,PAE,5,0,93,2,100,92,0,92,192
2018-12-12,PAE,14,4,120,13,151,119,9,128,279
2018-01-12,PAE,14,1,31,0,46,24,0,24,70
2020-12-21,PAE,15,2,2,0,19,0,0,0,19
2020-05-12,PAE,23,3,70,14,110,46,0,46,156
2020-12-22,PAE,19,3,244,0,266,245,0,245,511
2020-12-27,PAE,18,3,118,0,139,248,0,248,387
2018-01-02,PAE,0,2,123,0,125,116,0,116,241
2020-05-09,PAE,4,2,224,0,230,100,0,100,330
2017-12-24,PAE,4,0,26,0,30,31,0,31,61
2021-01-03,PAE,11,1,59,0,71,5,0,5,76
2017-12-23,PAE,6,1,222,1,230,253,0,253,483
2018-12-21,PAE,10,10,222,6,248,270,0,270,518
2020-05-06,PAE,20,3,40,6,69,59,18,77,146
2017-12-22,PAE,12,2,53,0,67,101,0,101,168
2021-01-04,PAE,12,7,17,2,38,0,0,0,38
2017-12-21,PAE,16,6,159,1,182,194,0,194,376
2018-12-22,PAE,6,0,136,0,142,136,0,136,278
2021-01-05,PAE,21,0,36,1,58,21,17,38,96
2017-12-20,PAE,9,7,180,0,196,235,1,236,432
2020-05-05,PAE,6,7,116,1,130,48,8,56,186
2017-12-19,PAE,22,2,7,0,31,0,0,0,31
2021-01-06,PAE,23,0,107,14,144,146,0,146,290
2018-12-23,PAE,6,1,28,0,35,18,0,18,53
2021-01-02,PAE,11,5,12,0,28,0,0,0,28
2017-12-25,PAE,0,0,3,0,3,2,0,2,5
2018-12-20,PAE,7,6,7,0,20,0,0,0,20
2020-05-07,PAE,5,0,200,12,217,110,13,123,340
2020-12-28,PAE,12,7,232,4,255,237,0,237,492
2018-01-01,PAE,2,0,182,0,184,84,0,84,268
2018-12-17,PAE,21,1,58,2,82,106,0,106,188
2017-12-31,PAE,6,1,146,0,153,131,0,131,284
2020-12-29,PAE,19,4,62,2,87,173,0,173,260
2017-12-30,PAE,2,5,53,0,60,74,0,74,134
2018-12-18,PAE,10,5,23,1,39,0,0,0,39
2020-12-17,PAE,17,7,50,2,76,103,0,103,179
2020-12-30,PAE,13,3,23,0,39,0,0,0,39
2020-05-08,PAE,7,2,224,12,245,125,16,141,386
2017-12-28,PAE,7,1,19,2,29,0,0,0,29
2020-12-31,PAE,13,0,27,0,40,8,0,8,48
2018-12-19,PAE,4,9,111,1,125,223,0,223,348
2017-12-27,PAE,13,0,83,4,100,129,0,129,229
2021-01-01,PAE,12,3,17,0,32,12,0,12,44
2017-12-26,PAE,4,0,117,0,121,136,0,136,257
2017-12-29,PAE,0,1,17,0,18,0,0,0,18
2018-01-18,PAE,11,3,55,1,70,16,0,16,86
2020-05-14,PAE,16,4,88,4,112,154,0,154,266
2018-12-09,PAE,4,0,46,1,51,66,14,80,131
2018-11-29,PAE,8,6,67,2,83,0,0,0,83
2018-02-10,PAE,5,2,384,0,391,381,0,381,772
2020-12-02,PAE,25,7,289,2,323,284,0,284,607
2018-02-09,PAE,7,2,129,2,140,126,0,126,266
2018-11-30,PAE,8,4,53,0,65,107,0,107,172
2018-02-08,PAE,9,2,32,0,43,0,0,0,43
2020-12-03,PAE,19,7,215,14,255,442,38,480,735
2020-05-20,PAE,11,10,70,0,91,145,0,145,236
2018-02-07,PAE,10,4,69,6,89,50,6,56,145
2020-12-04,PAE,19,6,276,3,304,329,21,350,654
2018-02-06,PAE,11,2,40,4,57,30,0,30,87
2018-12-01,PAE,12,3,156,0,171,240,0,240,411
2018-02-05,PAE,8,2,60,2,72,54,0,54,126
2020-12-05,PAE,14,3,312,0,329,291,0,291,620
2020-05-19,PAE,34,6,106,2,148,166,0,166,314
2020-12-01,PAE,27,6,245,12,290,377,10,387,677
2018-02-11,PAE,3,0,195,0,198,234,0,234,432
2020-05-21,PAE,5,5,67,1,78,149,55,204,282
2018-02-12,PAE,6,4,227,0,237,238,0,238,475
2020-11-26,PAE,0,0,8,0,8,0,0,0,8
2018-02-18,PAE,0,1,35,0,36,22,0,22,58
2020-05-23,PAE,0,9,173,0,182,140,0,140,322
2018-11-26,PAE,16,3,13,8,40,1,0,1,41
2018-02-17,PAE,5,2,18,0,25,21,0,21,46
2020-11-27,PAE,14,5,194,0,213,178,0,178,391
2018-02-16,PAE,8,2,24,4,38,7,0,7,45
2018-02-04,PAE,2,2,32,0,36,21,0,21,57
2020-11-28,PAE,23,4,97,0,124,254,0,254,378
2018-11-27,PAE,12,4,71,7,94,80,0,80,174
2020-05-22,PAE,7,6,130,0,143,295,0,295,438
2018-02-14,PAE,8,3,20,0,31,0,0,0,31
2020-11-29,PAE,23,21,256,0,300,296,0,296,596
2018-02-13,PAE,10,1,178,0,189,133,0,133,322
2018-11-28,PAE,9,2,86,0,97,198,0,198,295
2020-11-30,PAE,22,13,112,0,147,149,0,149,296
2018-02-15,PAE,18,2,69,0,89,232,0,232,321
2018-11-25,PAE,8,2,214,0,224,237,0,237,461
2018-12-02,PAE,4,0,75,0,79,25,0,25,104
2018-02-03,PAE,1,4,24,0,29,0,0,0,29
2018-01-25,PAE,11,3,28,0,42,31,0,31,73
2020-05-16,PAE,3,1,97,0,101,84,0,84,185
2018-01-24,PAE,16,4,138,0,158,0,0,0,158
2020-12-13,PAE,16,0,28,4,48,48,0,48,96
2018-12-07,PAE,10,3,183,7,203,185,0,185,388
2018-01-23,PAE,14,5,30,0,49,22,0,22,71
2020-12-14,PAE,20,4,17,6,47,23,0,23,70
2018-01-22,PAE,10,5,75,0,90,134,0,134,224
2020-05-15,PAE,10,4,225,5,244,106,12,118,362
2018-12-08,PAE,11,3,191,3,208,215,0,215,423
2018-01-21,PAE,0,0,26,0,26,15,0,15,41
2020-12-15,PAE,22,2,8,0,32,0,0,0,32
2018-01-20,PAE,8,0,73,0,81,80,0,80,161
2020-12-16,PAE,14,8,56,0,78,121,0,121,199
2018-01-19,PAE,8,6,64,1,79,46,2,48,127
2020-12-12,PAE,12,0,293,1,306,406,0,406,712
2018-12-06,PAE,14,4,198,2,218,229,0,229,447
2018-01-26,PAE,15,5,39,0,59,6,0,6,65
2020-12-11,PAE,19,8,72,1,100,96,0,96,196
2018-02-02,PAE,6,1,27,2,36,8,0,8,44
2020-12-07,PAE,18,0,117,7,142,307,34,341,483
2018-12-03,PAE,10,3,182,0,195,155,0,155,350
2018-02-01,PAE,9,4,36,0,49,0,0,0,49
2020-05-18,PAE,16,4,134,0,154,243,0,243,397
2020-12-08,PAE,20,3,29,4,56,0,0,0,56
2018-01-31,PAE,10,3,77,0,90,136,0,136,226
2020-12-06,PAE,13,3,79,4,99,46,0,46,145
2018-12-04,PAE,13,3,205,3,224,225,0,225,449
2020-12-09,PAE,23,0,50,16,89,44,0,44,133
2018-01-29,PAE,9,11,32,0,52,36,0,36,88
2020-05-17,PAE,4,4,117,0,125,161,0,161,286
2020-12-10,PAE,21,10,166,28,225,301,0,301,526
2018-01-28,PAE,8,0,40,2,50,32,0,32,82
2018-12-05,PAE,7,2,226,0,235,365,0,365,600
2018-01-27,PAE,7,0,22,0,29,30,0,30,59
2018-01-30,PAE,5,3,114,6,128,166,0,166,294
2017-12-18,PAE,13,2,29,0,44,20,0,20,64
2018-04-25,PAE,19,1,257,0,277,301,0,301,578
2018-10-27,PAE,12,1,274,0,287,225,0,225,512
2020-08-16,PAE,5,3,236,0,244,241,0,241,485
2018-07-21,PAE,3,0,269,2,274,246,0,246,520
2018-09-19,PAE,14,9,224,1,248,282,6,288,536
2018-07-20,PAE,8,5,241,4,258,151,0,151,409
2020-08-17,PAE,8,8,238,0,254,304,0,304,558
2020-07-07,PAE,5,9,60,0,74,118,0,118,192
2018-07-19,PAE,17,6,147,0,170,277,0,277,447
2020-08-18,PAE,21,8,218,1,248,424,2,426,674
2018-07-18,PAE,7,4,184,1,196,346,0,346,542
2018-09-20,PAE,14,1,138,2,155,232,0,232,387
2018-07-17,PAE,10,5,234,0,249,304,0,304,553
2020-08-19,PAE,15,5,242,3,265,375,0,375,640
2020-07-06,PAE,4,6,223,16,249,311,0,311,560
2018-07-16,PAE,0,2,177,0,179,152,0,152,331
2018-09-21,PAE,14,10,137,0,161,185,0,185,346
2018-07-22,PAE,4,1,244,0,249,175,0,175,424
2020-08-20,PAE,13,13,199,7,232,400,0,400,632
2018-09-18,PAE,12,7,220,0,239,355,0,355,594
2018-07-23,PAE,5,4,187,2,198,461,0,461,659
2018-09-15,PAE,11,2,160,0,173,270,0,270,443
2018-07-29,PAE,1,1,254,0,256,161,0,161,417
2020-08-11,PAE,6,3,172,2,183,235,4,239,422
2018-07-28,PAE,3,0,253,0,256,165,0,165,421
2020-08-12,PAE,13,10,206,2,231,328,0,328,559
2018-07-27,PAE,8,5,222,0,235,208,0,208,443
2018-09-16,PAE,1,0,77,0,78,38,0,38,116
2020-07-09,PAE,1,10,109,5,125,305,9,314,439
2018-07-26,PAE,5,5,231,0,241,221,0,221,462
2020-08-13,PAE,15,11,229,0,255,397,0,397,652
2018-07-25,PAE,9,5,205,3,222,393,0,393,615
2018-09-17,PAE,2,6,216,0,224,266,0,266,490
2020-08-14,PAE,13,8,244,2,267,390,0,390,657
2018-07-24,PAE,11,4,188,2,205,171,5,176,381
2020-07-08,PAE,5,5,161,4,175,436,0,436,611
2020-08-15,PAE,10,7,258,0,275,302,0,302,577
2018-07-15,PAE,1,3,238,0,242,111,0,111,353
2018-07-14,PAE,1,1,287,0,289,185,0,185,474
2020-08-21,PAE,17,6,99,2,124,26,2,28,152
2018-07-05,PAE,0,1,215,0,216,126,0,126,342
2020-08-27,PAE,12,5,223,1,241,422,26,448,689
2018-09-26,PAE,7,1,162,14,184,303,0,303,487
2018-07-04,PAE,0,2,173,0,175,67,0,67,242
2020-08-28,PAE,12,6,230,1,249,249,12,261,510
2018-07-03,PAE,0,4,216,0,220,104,0,104,324
2020-07-02,PAE,1,5,197,0,203,280,0,280,483
2018-09-27,PAE,8,6,193,0,207,233,0,233,440
2018-07-02,PAE,0,2,129,0,131,121,0,121,252
2020-08-29,PAE,8,3,221,0,232,313,0,313,545
2018-07-01,PAE,0,0,72,0,72,34,0,34,106
2020-08-30,PAE,7,2,250,0,259,288,0,288,547
2018-06-30,PAE,12,5,75,0,92,58,0,58,150
2018-09-28,PAE,2,4,257,0,263,272,0,272,535
2020-07-01,PAE,6,6,109,2,123,245,0,245,368
2020-07-03,PAE,0,4,179,0,183,444,0,444,627
2018-07-06,PAE,0,3,155,0,158,89,0,89,247
2020-08-26,PAE,14,12,261,0,287,324,0,324,611
2018-09-25,PAE,5,4,210,0,219,286,0,286,505
2018-09-22,PAE,0,3,73,0,76,22,0,22,98
2018-07-13,PAE,5,4,262,2,273,180,0,180,453
2020-07-05,PAE,0,3,284,0,287,140,0,140,427
2020-08-22,PAE,10,6,221,0,237,317,8,325,562
2018-07-12,PAE,2,5,252,0,259,200,0,200,459
2018-09-23,PAE,0,10,185,0,195,183,0,183,378
2018-07-11,PAE,1,4,228,0,233,135,0,135,368
2020-07-10,PAE,1,11,238,0,250,360,0,360,610
2020-08-23,PAE,10,1,244,0,255,229,8,237,492
2020-07-04,PAE,0,0,166,0,166,114,0,114,280
2020-08-24,PAE,23,12,216,6,257,365,0,365,622
2018-07-09,PAE,0,1,150,5,156,254,8,262,418
2018-09-24,PAE,11,3,187,0,201,348,2,350,551
2018-07-08,PAE,0,1,257,0,258,158,0,158,416
2020-08-25,PAE,9,4,248,0,261,432,0,432,693
2018-07-07,PAE,0,1,176,0,177,198,0,198,375
2018-07-10,PAE,8,3,162,0,173,151,0,151,324
2018-07-30,PAE,7,2,188,2,199,181,0,181,380
2020-08-10,PAE,18,6,222,0,246,288,0,288,534
2018-07-31,PAE,5,2,210,5,222,256,0,256,478
2020-07-17,PAE,9,15,131,0,155,265,0,265,420
2018-08-22,PAE,16,5,69,2,92,0,0,0,92
2020-07-26,PAE,4,0,245,0,249,180,0,180,429
2018-08-21,PAE,1,4,45,2,52,8,0,8,60
2018-09-05,PAE,14,7,241,0,262,260,0,260,522
2020-07-27,PAE,2,11,227,2,242,293,0,293,535
2018-08-20,PAE,2,6,53,0,61,0,0,0,61
2020-07-16,PAE,14,10,179,0,203,377,0,377,580
2018-08-19,PAE,7,2,169,1,179,255,0,255,434
2020-07-28,PAE,7,10,218,2,237,281,0,281,518
2018-09-06,PAE,8,3,230,1,242,363,0,363,605
2018-08-18,PAE,2,2,223,2,229,193,0,193,422
2020-07-29,PAE,4,5,258,0,267,400,0,400,667
2018-08-17,PAE,8,0,193,0,201,260,0,260,461
2018-09-07,PAE,6,5,175,4,190,283,0,283,473
2018-09-04,PAE,2,4,224,0,230,255,0,255,485
2018-08-23,PAE,15,0,166,0,181,162,0,162,343
2020-07-25,PAE,0,7,290,1,298,160,0,160,458
2018-08-24,PAE,25,1,228,6,260,263,8,271,531
2020-07-20,PAE,7,5,201,1,214,246,0,246,460
2018-08-30,PAE,6,4,121,1,132,285,0,285,417
2018-09-01,PAE,9,2,200,0,211,276,0,276,487
2020-07-21,PAE,6,6,237,1,250,315,0,315,565
2018-08-29,PAE,9,3,244,3,259,262,5,267,526
2020-07-19,PAE,1,4,234,0,239,112,0,112,351
2018-08-28,PAE,15,1,273,1,290,226,0,226,516
2018-08-16,PAE,14,0,116,0,130,205,0,205,335
2020-07-22,PAE,2,8,84,0,94,118,0,118,212
2018-08-27,PAE,8,1,187,0,196,174,0,174,370
2020-07-23,PAE,13,10,95,1,119,273,0,273,392
2018-08-26,PAE,2,2,109,0,113,92,0,92,205
2020-07-18,PAE,0,3,249,0,252,207,0,207,459
2018-09-03,PAE,8,2,200,0,210,154,0,154,364
2018-08-25,PAE,8,1,72,0,81,34,0,34,115
2020-07-24,PAE,8,8,152,2,170,253,0,253,423
2018-09-02,PAE,2,0,276,0,278,271,0,271,549
2018-06-29,PAE,22,6,170,0,198,293,0,293,491
2020-07-30,PAE,15,9,249,2,275,332,0,332,607
2018-08-15,PAE,9,4,101,0,114,192,4,196,310
2018-08-06,PAE,2,4,195,3,204,274,0,274,478
2020-07-12,PAE,3,0,127,2,132,96,0,96,228
2020-08-06,PAE,16,4,89,0,109,99,0,99,208
2018-08-05,PAE,0,4,237,1,242,120,0,120,362
2018-09-12,PAE,12,2,116,0,130,247,4,251,381
2018-08-04,PAE,2,1,206,1,210,118,0,118,328
2020-08-07,PAE,10,8,218,2,238,329,16,345,583
2018-08-03,PAE,11,5,154,1,171,68,0,68,239
2018-09-13,PAE,21,4,130,1,156,228,0,228,384
2020-08-08,PAE,7,6,128,0,141,174,0,174,315
2018-08-02,PAE,3,11,102,2,118,42,0,42,160
2020-07-11,PAE,3,3,239,0,245,272,0,272,517
2018-08-01,PAE,12,2,159,0,173,237,0,237,410
2020-08-09,PAE,11,0,276,0,287,161,0,161,448
2018-09-14,PAE,20,5,126,0,151,204,0,204,355
2020-08-05,PAE,9,7,232,0,248,350,0,350,598
2018-08-07,PAE,4,4,186,1,195,195,0,195,390
2018-09-11,PAE,24,2,82,0,108,96,0,96,204
2018-08-08,PAE,2,8,272,2,284,281,0,281,565
2020-07-31,PAE,4,5,260,2,271,323,8,331,602
2018-08-14,PAE,6,3,93,0,102,181,0,181,283
2018-09-08,PAE,7,0,135,0,142,55,0,55,197
2018-08-13,PAE,8,6,125,0,139,124,0,124,263
2020-08-01,PAE,15,6,204,0,225,136,0,136,361
2020-07-14,PAE,28,7,194,2,231,407,0,407,638
2018-08-12,PAE,1,3,185,0,189,119,0,119,308
2020-07-15,PAE,17,12,223,0,252,560,0,560,812
2018-09-09,PAE,9,2,166,0,177,93,0,93,270
2018-08-11,PAE,10,2,78,0,90,55,0,55,145
2018-08-10,PAE,12,3,272,4,291,237,0,237,528
2020-08-03,PAE,13,6,156,1,176,139,10,149,325
2018-09-10,PAE,12,4,97,0,113,67,0,67,180
2018-08-09,PAE,11,4,211,0,226,336,8,344,570
2020-07-13,PAE,3,7,178,0,188,458,0,458,646
2020-08-04,PAE,8,6,180,2,196,248,6,254,450
2020-08-02,PAE,12,2,248,0,262,253,0,253,515
2020-10-13,PAE,19,7,14,0,40,2,0,2,42
2020-08-31,PAE,16,3,123,0,142,268,0,268,410
2018-09-29,PAE,3,3,300,0,306,324,0,324,630
2018-05-18,PAE,4,3,122,0,129,123,0,123,252
2020-09-28,PAE,12,12,259,8,291,361,6,367,658
2018-05-17,PAE,15,3,201,1,220,286,0,286,506
2020-06-18,PAE,7,6,287,0,300,448,0,448,748
2020-09-29,PAE,9,2,270,12,293,428,6,434,727
2018-05-16,PAE,10,3,197,1,211,259,0,259,470
2018-10-18,PAE,17,3,239,0,259,192,0,192,451
2018-05-15,PAE,11,1,191,0,203,139,0,139,342
2020-09-30,PAE,13,4,271,0,288,581,0,581,869
2018-05-14,PAE,13,3,236,0,252,168,0,168,420
2018-10-19,PAE,6,4,240,0,250,342,0,342,592
2020-10-01,PAE,7,5,164,3,179,449,6,455,634
2018-05-13,PAE,7,1,242,0,250,115,0,115,365
2020-06-17,PAE,3,6,296,4,309,423,21,444,753
2018-05-12,PAE,9,7,310,0,326,198,0,198,524
2018-10-17,PAE,8,5,227,2,242,269,0,269,511
2020-10-02,PAE,8,10,192,0,210,355,0,355,565
2018-05-19,PAE,10,0,242,0,252,189,0,189,441
2020-06-19,PAE,3,8,265,7,283,305,31,336,619
2018-05-26,PAE,8,0,197,0,205,202,0,202,407
2020-09-23,PAE,8,4,31,0,43,0,0,0,43
2018-05-25,PAE,7,4,185,0,196,277,0,277,473
2018-10-14,PAE,3,4,266,0,273,211,0,211,484
2018-05-24,PAE,22,0,130,0,152,179,0,179,331
2020-09-24,PAE,10,5,70,8,93,87,0,87,180
2020-06-20,PAE,1,14,79,0,94,111,0,111,205
2018-05-23,PAE,6,5,214,0,225,242,0,242,467
2018-10-15,PAE,10,14,165,0,189,257,0,257,446
2020-09-25,PAE,19,8,45,0,72,22,0,22,94
2018-05-22,PAE,9,4,199,0,212,291,0,291,503
2018-05-21,PAE,11,0,213,0,224,275,0,275,499
2020-09-26,PAE,10,0,111,1,122,207,6,213,335
2018-10-16,PAE,4,2,208,0,214,281,0,281,495
2018-05-20,PAE,5,0,134,0,139,106,0,106,245
2020-09-27,PAE,15,2,273,0,290,367,2,369,659
2018-10-20,PAE,2,4,75,0,81,107,0,107,188
2018-05-11,PAE,8,2,203,0,213,232,0,232,445
2020-10-03,PAE,4,6,18,0,28,0,0,0,28
2018-05-02,PAE,9,1,277,0,287,269,0,269,556
2020-10-09,PAE,14,2,136,0,152,208,0,208,360
2018-05-01,PAE,11,1,179,2,193,282,22,304,497
2018-10-25,PAE,12,6,44,0,62,6,0,6,68
2018-04-30,PAE,13,3,110,0,126,174,0,174,300
2020-10-10,PAE,10,1,36,0,47,79,0,79,126
2020-06-13,PAE,0,2,85,0,87,154,0,154,241
2018-04-29,PAE,8,2,123,0,133,120,0,120,253
2020-10-11,PAE,8,3,51,0,62,134,0,134,196
2018-04-28,PAE,3,3,77,0,83,0,0,0,83
2018-10-26,PAE,17,0,66,0,83,37,0,37,120
2018-04-27,PAE,10,5,82,0,97,60,0,60,157
2020-10-12,PAE,16,8,184,0,208,376,0,376,584
2020-06-12,PAE,9,10,76,4,99,0,0,0,99
2018-04-26,PAE,7,1,251,0,259,306,0,306,565
2018-10-24,PAE,16,9,151,2,178,190,8,198,376
2020-10-08,PAE,19,7,138,0,164,465,0,465,629
2018-05-03,PAE,10,2,241,0,253,262,0,262,515
2020-06-14,PAE,0,3,200,0,203,221,0,221,424
2018-05-10,PAE,9,4,103,0,116,90,0,90,206
2020-06-16,PAE,10,8,112,0,130,158,0,158,288
2018-10-21,PAE,4,2,111,0,117,126,0,126,243
2018-05-09,PAE,4,7,141,2,154,122,0,122,276
2020-10-04,PAE,10,6,70,0,86,1,0,1,87
2018-05-08,PAE,2,5,173,0,180,182,0,182,362
2020-10-05,PAE,10,10,165,3,188,275,0,275,463
2020-06-21,PAE,4,1,127,0,132,75,0,75,207
2018-05-07,PAE,14,6,148,0,168,223,2,225,393
2020-06-15,PAE,1,10,62,9,82,29,0,29,111
2018-05-06,PAE,0,0,243,0,243,253,0,253,496
2020-10-06,PAE,12,4,257,11,284,364,27,391,675
2018-05-05,PAE,6,0,293,0,299,246,0,246,545
2018-10-23,PAE,16,4,88,1,109,168,0,168,277
2020-10-07,PAE,12,5,68,0,85,82,0,82,167
2018-05-04,PAE,17,5,185,0,207,244,0,244,451
2018-10-22,PAE,6,8,120,1,135,164,0,164,299
2020-09-22,PAE,17,7,244,2,270,305,0,305,575
2018-05-27,PAE,1,0,280,0,281,178,0,178,459
2018-10-13,PAE,4,5,243,0,252,172,0,172,424
2018-06-19,PAE,14,5,197,0,216,303,0,303,519
2018-10-03,PAE,0,0,201,0,201,211,0,211,412
2020-09-07,PAE,6,1,97,0,104,23,0,23,127
2018-06-18,PAE,5,9,184,0,198,225,0,225,423
2018-06-17,PAE,3,8,278,0,289,224,0,224,513
2020-09-08,PAE,9,6,147,4,166,263,0,263,429
2018-10-04,PAE,0,0,223,0,223,171,0,171,394
2018-06-16,PAE,7,4,234,0,245,148,0,148,393
2020-06-27,PAE,5,4,81,0,90,2,0,2,92
2020-09-09,PAE,13,5,184,0,202,409,0,409,611
2018-06-15,PAE,8,6,254,8,276,168,0,168,444
2018-10-05,PAE,0,0,60,0,60,130,0,130,190
2018-06-14,PAE,9,8,210,0,227,257,0,257,484
2020-09-10,PAE,14,8,166,0,188,356,0,356,544
2018-06-13,PAE,10,5,56,0,71,9,0,9,80
2020-06-28,PAE,0,0,171,0,171,127,0,127,298
2020-09-06,PAE,6,2,179,0,187,172,0,172,359
2018-06-20,PAE,15,4,243,0,262,274,0,274,536
2018-10-02,PAE,0,1,38,0,39,63,5,68,107
2020-09-01,PAE,5,6,235,2,248,415,0,415,663
2018-06-27,PAE,6,5,210,1,222,273,0,273,495
2020-06-30,PAE,1,4,104,0,109,159,0,159,268
2018-06-26,PAE,7,8,171,0,186,285,0,285,471
2020-09-02,PAE,13,4,190,1,208,211,6,217,425
2018-09-30,PAE,14,0,166,0,180,204,0,204,384
2018-06-25,PAE,14,10,72,0,96,115,0,115,211
2020-06-26,PAE,13,13,297,1,324,473,0,473,797
2020-09-03,PAE,7,4,238,0,249,284,0,284,533
2018-10-01,PAE,13,1,39,2,55,6,0,6,61
2018-06-23,PAE,2,2,181,0,185,76,0,76,261
2020-09-04,PAE,14,5,256,2,277,336,0,336,613
2020-06-29,PAE,1,4,142,0,147,431,0,431,578
2018-06-22,PAE,4,2,147,4,157,84,0,84,241
2020-09-05,PAE,6,2,176,0,184,311,0,311,495
2018-06-21,PAE,16,3,150,0,169,184,0,184,353
2018-06-24,PAE,7,1,246,0,254,160,0,160,414
2018-06-28,PAE,13,9,171,4,197,135,7,142,339
2020-09-11,PAE,7,6,56,6,75,2,0,2,77
2018-10-06,PAE,0,0,158,0,158,89,0,89,247
2018-10-10,PAE,24,3,202,4,233,343,0,343,576
2020-06-23,PAE,2,5,214,0,221,357,0,357,578
2018-06-02,PAE,1,1,279,0,281,252,0,252,533
2020-09-18,PAE,10,7,19,4,40,0,0,0,40
2018-06-01,PAE,8,2,185,1,196,178,0,178,374
2018-10-11,PAE,14,1,206,3,224,320,0,320,544
2020-09-19,PAE,9,5,109,0,123,13,0,13,136
2018-05-31,PAE,6,7,158,8,179,171,16,187,366
2020-06-22,PAE,6,9,223,2,240,396,0,396,636
2018-05-30,PAE,8,4,164,0,176,274,0,274,450
2020-09-20,PAE,14,9,222,0,245,256,0,256,501
2018-10-12,PAE,18,5,240,0,263,291,0,291,554
2018-05-29,PAE,3,5,128,6,142,162,0,162,304
2020-09-21,PAE,10,10,254,1,275,414,8,422,697
2018-05-28,PAE,0,0,214,0,214,163,0,163,377
2018-06-03,PAE,5,0,125,1,131,88,0,88,219
2020-09-17,PAE,14,3,42,0,59,73,0,73,132
2018-06-04,PAE,4,2,121,0,127,59,0,59,186
2020-09-16,PAE,8,4,15,0,27,0,0,0,27
2018-06-11,PAE,3,2,188,0,193,224,0,224,417
2020-09-12,PAE,8,1,4,0,13,0,0,0,13
2018-06-10,PAE,9,3,79,0,91,77,0,77,168
2018-10-07,PAE,0,0,91,0,91,171,0,171,262
2020-09-13,PAE,4,0,10,0,14,0,0,0,14
2018-06-09,PAE,0,1,99,0,100,149,2,151,251
2020-06-25,PAE,10,4,249,5,268,478,24,502,770
2018-06-12,PAE,4,1,172,2,179,228,0,228,407
2018-06-08,PAE,12,3,91,2,108,129,0,129,237
2018-10-08,PAE,2,1,7,0,10,0,0,0,10
2018-06-07,PAE,15,3,199,0,217,180,0,180,397
2020-09-15,PAE,9,3,1,1,14,0,0,0,14
2018-06-06,PAE,9,4,250,0,263,178,0,178,441
2020-06-24,PAE,71,7,164,19,261,382,0,382,643
2018-10-09,PAE,11,3,84,0,98,204,0,204,302
2018-06-05,PAE,16,3,153,2,174,126,0,126,300
2020-09-14,PAE,9,8,15,0,32,0,0,0,32
2021-01-07,PAE,25,1,266,2,294,354,0,354,648
2017-12-17,PAE,7,2,22,0,31,0,0,0,31
2018-12-24,PAE,3,0,131,0,134,78,0,78,212
2017-06-30,PAE,14,1,295,2,312,188,1,189,501
2021-05-01,PAE,10,1,146,0,157,79,0,79,236
2017-06-29,PAE,11,5,239,0,255,190,0,190,445
2020-03-15,PAE,36,0,211,0,247,159,0,159,406
2019-03-10,PAE,34,0,212,1,247,231,0,231,478
2017-06-28,PAE,14,6,161,0,181,177,0,177,358
2021-05-02,PAE,12,1,238,0,251,258,6,264,515
2017-06-27,PAE,15,3,168,0,186,140,0,140,326
2021-05-03,PAE,15,5,103,2,125,205,8,213,338
2017-06-26,PAE,12,28,288,0,328,28,0,28,356
2019-03-11,PAE,51,4,93,3,151,76,0,76,227
2020-03-14,PAE,30,2,113,0,145,125,0,125,270
2017-06-25,PAE,2,11,263,1,277,127,0,127,404
2021-05-04,PAE,12,6,158,0,176,274,0,274,450
2017-06-24,PAE,5,1,274,0,280,244,2,246,526
2019-03-09,PAE,21,1,290,1,313,276,0,276,589
2019-03-12,PAE,43,8,18,0,69,11,0,11,80
2021-04-30,PAE,23,6,62,0,91,134,0,134,225
2022-03-31,PAE,43,13,155,0,211,260,0,260,471
2019-03-06,PAE,30,0,41,3,74,91,0,91,165
2017-07-07,PAE,7,2,248,0,257,260,0,260,517
2021-04-26,PAE,17,5,133,0,155,315,0,315,470
2020-03-17,PAE,42,3,147,0,192,354,0,354,546
2017-07-06,PAE,8,8,201,0,217,270,0,270,487
2021-04-27,PAE,10,2,166,0,178,197,0,197,375
2017-07-05,PAE,2,3,210,0,215,160,0,160,375
2019-03-07,PAE,38,1,28,0,67,30,0,30,97
2017-07-04,PAE,0,0,258,0,258,23,0,23,281
2021-04-28,PAE,13,6,231,3,253,376,0,376,629
2020-03-16,PAE,36,3,185,7,231,313,9,322,553
2017-07-03,PAE,3,2,351,0,356,12,0,12,368
2019-03-08,PAE,35,7,73,0,115,88,0,88,203
2021-04-29,PAE,19,0,224,3,246,235,0,235,481
2017-07-02,PAE,1,1,202,0,204,132,0,132,336
2017-07-01,PAE,0,0,183,0,183,142,0,142,325
2021-05-05,PAE,18,6,216,0,240,290,0,290,530
2017-06-23,PAE,11,3,234,0,248,172,0,172,420
2020-03-13,PAE,41,6,10,0,57,0,0,0,57
2017-06-14,PAE,22,4,128,0,154,164,0,164,318
2017-06-13,PAE,13,4,49,15,81,210,0,210,291
2021-05-12,PAE,27,11,213,3,254,409,4,413,667
2019-03-17,PAE,35,0,216,0,251,155,0,155,406
2017-06-12,PAE,6,8,71,2,87,106,0,106,193
2020-03-10,PAE,31,2,153,14,200,171,0,171,371
2021-05-13,PAE,26,12,199,0,237,209,0,209,446
2017-06-11,PAE,8,3,167,0,178,161,0,161,339
2019-03-18,PAE,33,4,153,0,190,155,0,155,345
2017-06-10,PAE,1,0,118,0,119,215,0,215,334
2021-05-14,PAE,21,4,234,1,260,256,51,307,567
2017-06-09,PAE,24,13,106,0,143,290,0,290,433
2020-03-09,PAE,46,9,213,2,270,274,0,274,544
2021-05-15,PAE,17,6,253,0,276,240,0,240,516
2017-06-08,PAE,15,2,33,0,50,0,0,0,50
2021-05-11,PAE,9,5,193,7,214,349,44,393,607
2019-03-16,PAE,35,1,204,0,240,260,0,260,500
2017-06-15,PAE,8,4,25,2,39,16,0,16,55
2020-03-11,PAE,41,7,132,7,187,144,26,170,357
2017-06-22,PAE,14,6,281,0,301,218,0,218,519
2021-05-06,PAE,29,3,80,0,112,52,0,52,164
2019-03-13,PAE,49,10,118,0,177,126,0,126,303
2017-06-21,PAE,12,6,261,2,281,175,0,175,456
2021-05-07,PAE,13,8,100,3,124,178,5,183,307
2017-06-20,PAE,13,0,77,0,90,42,0,42,132
2019-03-14,PAE,47,7,183,7,244,271,8,279,523
2017-07-08,PAE,7,2,266,0,275,347,0,347,622
2017-06-19,PAE,9,4,155,0,168,173,0,173,341
2020-03-12,PAE,39,5,141,2,187,161,6,167,354
2017-06-18,PAE,9,2,88,0,99,52,0,52,151
2021-05-09,PAE,12,0,144,0,156,66,0,66,222
2017-06-17,PAE,10,0,267,0,277,133,0,133,410
2019-03-15,PAE,37,2,184,0,223,302,0,302,525
2017-06-16,PAE,16,6,188,0,210,168,0,168,378
2021-05-10,PAE,16,5,179,3,203,302,13,315,518
2021-05-08,PAE,17,5,183,0,205,128,0,128,333
2021-04-25,PAE,12,4,93,0,109,106,0,106,215
2017-07-09,PAE,1,1,265,0,267,208,0,208,475
2019-03-05,PAE,27,1,197,6,231,191,0,191,422
2019-02-23,PAE,13,0,60,0,73,168,0,168,241
2017-07-31,PAE,5,5,156,0,166,159,0,159,325
2021-04-10,PAE,9,6,129,0,144,105,0,105,249
2020-03-24,PAE,42,3,48,0,93,31,0,31,124
2017-07-30,PAE,7,0,242,1,250,209,0,209,459
2019-02-24,PAE,3,2,124,0,129,99,0,99,228
2021-04-11,PAE,9,0,235,0,244,262,0,262,506
2017-07-29,PAE,3,0,242,0,245,245,0,245,490
2017-07-28,PAE,3,4,211,0,218,277,0,277,495
2021-04-12,PAE,12,6,197,0,215,206,2,208,423
2019-02-25,PAE,3,7,128,0,138,190,0,190,328
2017-07-27,PAE,6,2,139,2,149,124,0,124,273
2020-03-23,PAE,41,12,29,2,84,48,0,48,132
2021-04-13,PAE,20,3,165,0,188,235,0,235,423
2017-07-26,PAE,6,2,190,1,199,208,0,208,407
2017-08-01,PAE,8,2,176,0,186,263,0,263,449
2021-04-09,PAE,20,2,90,16,128,90,0,90,218
2017-08-02,PAE,0,4,126,3,133,163,0,163,296
2020-03-25,PAE,30,5,39,0,74,30,0,30,104
2017-08-09,PAE,15,5,108,0,128,334,0,334,462
2021-04-04,PAE,11,0,108,0,119,169,0,169,288
2017-08-08,PAE,12,3,127,0,142,269,0,269,411
2019-02-20,PAE,10,3,79,0,92,85,0,85,177
2021-04-05,PAE,14,2,249,6,271,262,0,262,533
2017-08-07,PAE,4,3,110,0,117,285,0,285,402
2020-03-26,PAE,37,3,37,2,79,52,0,52,131
2019-02-26,PAE,4,4,183,0,191,214,0,214,405
2017-08-06,PAE,1,7,122,1,131,217,0,217,348
2019-02-21,PAE,8,3,309,0,320,175,0,175,495
2017-08-05,PAE,3,3,192,3,201,150,10,160,361
2021-04-07,PAE,16,1,60,1,78,10,0,10,88
2017-08-04,PAE,10,3,128,0,141,173,0,173,314
2019-02-22,PAE,6,7,13,0,26,9,0,9,35
2017-08-03,PAE,13,4,95,0,112,88,0,88,200
2021-04-08,PAE,16,3,183,0,202,209,0,209,411
2021-04-06,PAE,14,5,283,1,303,300,0,300,603
2019-03-19,PAE,40,2,188,0,230,217,0,217,447
2017-07-25,PAE,9,4,332,2,347,243,0,243,590
2017-07-24,PAE,6,6,191,1,204,190,0,190,394
2021-04-20,PAE,15,2,227,1,245,375,14,389,634
2017-07-15,PAE,4,1,317,0,322,261,0,261,583
2021-04-21,PAE,15,2,254,2,273,425,0,425,698
2017-07-14,PAE,8,2,294,0,304,202,0,202,506
2019-03-03,PAE,7,0,254,0,261,166,0,166,427
2020-03-19,PAE,36,2,180,0,218,329,4,333,551
2017-07-13,PAE,12,5,171,0,188,117,0,117,305
2021-04-22,PAE,21,5,168,3,197,204,0,204,401
2017-07-12,PAE,3,2,181,1,187,317,0,317,504
2019-03-04,PAE,17,2,165,0,184,121,0,121,305
2021-04-23,PAE,17,8,157,0,182,280,0,280,462
2017-07-11,PAE,7,5,461,0,473,0,0,0,473
2020-03-18,PAE,45,3,185,7,240,213,0,213,453
2017-07-10,PAE,9,4,190,0,203,297,0,297,500
2021-04-24,PAE,8,3,56,0,67,0,0,0,67
2017-07-16,PAE,10,3,260,0,273,261,0,261,534
2019-03-02,PAE,3,1,276,0,280,263,0,263,543
2020-03-20,PAE,40,6,177,2,225,144,0,144,369
2017-07-17,PAE,6,3,234,4,247,212,0,212,459
2020-03-22,PAE,32,1,142,0,175,106,0,106,281
2021-04-15,PAE,20,8,248,0,276,354,0,354,630
2017-07-23,PAE,5,2,225,2,234,267,0,267,501
2019-02-27,PAE,18,9,130,20,177,241,2,243,420
2017-07-22,PAE,8,1,260,0,269,278,2,280,549
2021-04-16,PAE,25,0,259,0,284,407,0,407,691
2017-07-21,PAE,10,1,270,0,281,213,0,213,494
2021-04-14,PAE,10,0,227,0,237,186,0,186,423
2019-02-28,PAE,27,4,191,0,222,259,0,259,481
2017-07-20,PAE,10,2,167,4,183,297,0,297,480
2020-03-21,PAE,28,4,216,0,248,130,0,130,378
2017-07-19,PAE,14,3,238,0,255,207,0,207,462
2021-04-18,PAE,13,4,272,2,291,329,2,331,622
2019-03-01,PAE,10,6,202,2,220,184,0,184,404
2017-07-18,PAE,10,1,198,3,212,212,0,212,424
2021-04-19,PAE,24,2,200,3,229,276,0,276,505
2021-04-17,PAE,11,1,287,0,299,258,0,258,557
2020-03-27,PAE,41,0,17,0,58,4,0,4,62
2017-06-07,PAE,11,1,133,0,145,160,0,160,305
2017-06-06,PAE,12,9,141,0,162,245,6,251,413
2017-04-26,PAE,16,6,48,5,75,30,0,30,105
2021-06-13,PAE,8,4,62,1,75,97,0,97,172
2020-02-25,PAE,51,5,178,2,236,248,0,248,484
2017-04-25,PAE,12,5,84,6,107,141,0,141,248
2021-06-14,PAE,21,9,76,3,109,41,0,41,150
2017-04-24,PAE,8,2,215,2,227,0,0,0,227
2019-04-08,PAE,45,2,65,1,113,73,0,73,186
2017-04-23,PAE,2,0,76,0,78,125,0,125,203
2021-06-15,PAE,14,6,132,0,152,263,0,263,415
2020-02-24,PAE,47,11,138,0,196,209,0,209,405
2017-04-22,PAE,8,1,64,0,73,60,0,60,133
2019-04-09,PAE,43,4,86,0,133,140,0,140,273
2021-06-16,PAE,13,9,261,2,285,493,0,493,778
2017-04-21,PAE,11,4,283,0,298,285,0,285,583
2017-04-20,PAE,23,4,78,8,113,128,1,129,242
2019-04-07,PAE,40,4,122,0,166,115,0,115,281
2021-06-17,PAE,9,3,258,3,273,331,2,333,606
2017-04-27,PAE,14,2,76,1,93,177,0,177,270
2017-04-28,PAE,8,1,207,0,216,231,0,231,447
2017-05-04,PAE,6,4,108,0,118,98,4,102,220
2021-06-08,PAE,31,6,207,0,244,384,0,384,628
2017-05-03,PAE,17,4,144,0,165,158,0,158,323
2019-04-04,PAE,44,5,211,0,260,209,11,220,480
2020-02-27,PAE,38,7,244,0,289,192,8,200,489
2017-05-02,PAE,10,4,129,0,143,266,0,266,409
2021-06-09,PAE,21,5,246,0,272,412,0,412,684
2017-05-01,PAE,11,4,63,1,79,63,0,63,142
2019-04-05,PAE,41,12,66,0,119,65,0,65,184
2021-06-10,PAE,18,3,225,2,248,356,0,356,604
2017-04-30,PAE,6,0,100,0,106,163,0,163,269
2020-02-26,PAE,45,7,132,4,188,196,0,196,384
2017-04-29,PAE,5,4,196,0,205,267,0,267,472
2021-06-11,PAE,16,6,162,0,184,138,0,138,322
2019-04-06,PAE,41,2,25,0,68,19,0,19,87
2021-06-12,PAE,11,3,318,0,332,248,0,248,580
2019-04-10,PAE,46,3,38,2,89,13,0,13,102
2017-04-19,PAE,3,6,52,0,61,72,0,72,133
2020-02-23,PAE,42,2,34,0,78,6,0,6,84
2017-04-10,PAE,12,0,36,2,50,41,0,41,91
2021-06-24,PAE,19,7,214,2,242,394,6,400,642
2017-04-09,PAE,9,0,272,1,282,353,0,353,635
2020-02-20,PAE,42,4,247,0,293,256,0,256,549
2019-04-15,PAE,45,7,186,0,238,135,0,135,373
2017-04-08,PAE,1,0,73,0,74,73,0,73,147
2021-06-25,PAE,15,4,207,0,226,187,0,187,413
2017-04-07,PAE,12,7,9,2,30,2,0,2,32
2021-06-26,PAE,8,0,177,0,185,146,0,146,331
2017-04-06,PAE,5,3,69,0,77,84,0,84,161
2019-04-16,PAE,49,5,93,0,147,73,0,73,220
2020-02-19,PAE,45,3,299,5,352,204,0,204,556
2017-04-05,PAE,4,3,46,0,53,45,0,45,98
2021-06-27,PAE,9,4,168,0,181,111,0,111,292
2017-04-04,PAE,12,3,127,0,142,133,0,133,275
2019-04-14,PAE,40,1,89,0,130,139,0,139,269
2021-06-23,PAE,10,3,157,5,175,328,0,328,503
2017-04-11,PAE,2,7,186,3,198,236,0,236,434
2020-02-21,PAE,46,6,241,4,297,180,6,186,483
2021-06-18,PAE,10,0,248,0,258,290,0,290,548
2017-04-18,PAE,20,3,59,0,82,32,0,32,114
2019-04-11,PAE,44,6,52,0,102,16,0,16,118
2017-04-17,PAE,15,2,83,0,100,64,0,64,164
2021-06-19,PAE,11,0,270,0,281,323,0,323,604
2017-04-16,PAE,0,1,202,0,203,112,0,112,315
2020-02-22,PAE,45,1,87,0,133,181,0,181,314
2021-06-07,PAE,8,2,172,0,182,415,0,415,597
2021-06-20,PAE,7,2,223,0,232,222,0,222,454
2019-04-12,PAE,47,4,199,2,252,132,0,132,384
2017-04-14,PAE,30,0,65,0,95,116,0,116,211
2021-06-21,PAE,20,6,191,0,217,241,0,241,458
2017-04-13,PAE,8,5,50,4,67,26,0,26,93
2019-04-13,PAE,38,0,45,0,83,0,0,0,83
2021-06-22,PAE,19,7,264,1,291,323,8,331,622
2017-04-12,PAE,6,6,52,4,68,35,0,35,103
2017-04-15,PAE,2,1,189,0,192,269,0,269,461
2017-05-05,PAE,20,3,40,1,64,15,0,15,79
2019-04-03,PAE,55,8,31,0,94,9,0,9,103
2020-02-28,PAE,45,6,46,0,97,7,0,7,104
2021-05-22,PAE,12,3,194,0,209,169,0,169,378
2017-05-28,PAE,3,1,134,0,138,188,0,188,326
2019-03-24,PAE,40,1,212,0,253,161,0,161,414
2021-05-23,PAE,10,5,86,1,102,42,0,42,144
2017-05-27,PAE,7,0,146,0,153,206,0,206,359
2020-03-05,PAE,45,12,135,1,193,77,0,77,270
2017-05-26,PAE,8,1,169,0,178,216,0,216,394
2021-05-24,PAE,10,16,49,2,77,16,0,16,93
2019-03-25,PAE,44,6,105,2,157,74,0,74,231
2017-05-25,PAE,13,7,157,2,179,234,0,234,413
2021-05-25,PAE,19,10,94,0,123,282,0,282,405
2019-03-26,PAE,40,4,148,1,193,126,0,126,319
2017-05-23,PAE,11,1,134,0,146,121,0,121,267
2021-05-26,PAE,18,5,243,0,266,286,0,286,552
2020-03-04,PAE,41,3,264,12,320,414,0,414,734
2017-05-29,PAE,0,3,187,0,190,117,0,117,307
2020-03-06,PAE,32,2,89,0,123,157,0,157,280
2019-03-23,PAE,42,4,204,0,250,344,0,344,594
2017-05-30,PAE,5,13,48,0,66,24,0,24,90
2019-03-20,PAE,39,2,242,10,293,227,72,299,592
2021-05-17,PAE,14,11,85,3,113,88,0,88,201
2017-06-05,PAE,12,6,119,9,146,222,0,222,368
2020-03-08,PAE,40,2,161,0,203,198,0,198,401
2017-06-04,PAE,0,2,148,0,150,163,0,163,313
2021-05-18,PAE,15,0,47,0,62,224,15,239,301
2019-03-21,PAE,52,2,190,1,245,196,0,196,441
2017-05-22,PAE,3,8,154,0,165,150,0,150,315
2017-06-03,PAE,10,5,119,0,134,250,0,250,384
2017-06-02,PAE,4,2,107,0,113,189,0,189,302
2020-03-07,PAE,40,0,81,0,121,87,0,87,208
2019-03-22,PAE,43,4,158,0,205,244,0,244,449
2017-06-01,PAE,22,0,69,1,92,94,0,94,186
2021-05-20,PAE,22,3,151,1,177,377,0,377,554
2017-05-31,PAE,21,2,97,1,121,135,0,135,256
2021-05-21,PAE,26,2,217,0,245,365,0,365,610
2021-05-19,PAE,13,2,124,0,139,264,0,264,403
2021-05-16,PAE,8,2,248,4,262,199,24,223,485
2021-05-27,PAE,19,22,29,2,72,6,0,6,78
2019-03-27,PAE,40,4,194,0,238,239,0,239,477
2017-05-12,PAE,6,2,99,0,107,203,0,203,310
2019-03-31,PAE,42,0,239,0,281,151,0,151,432
2017-05-11,PAE,10,1,55,2,68,27,0,27,95
2021-06-03,PAE,13,4,221,0,238,261,0,261,499
2017-05-10,PAE,19,2,214,1,236,251,0,251,487
2019-04-01,PAE,49,4,165,0,218,185,0,185,403
2021-06-04,PAE,12,5,203,2,222,396,0,396,618
2017-05-09,PAE,20,0,201,2,223,136,0,136,359
2020-02-29,PAE,38,1,117,0,156,178,0,178,334
2017-05-08,PAE,5,7,140,4,156,194,10,204,360
2021-06-05,PAE,10,0,49,0,59,34,0,34,93
2019-04-02,PAE,49,7,133,2,191,129,0,129,320
2017-05-07,PAE,0,3,217,1,221,327,0,327,548
2021-06-06,PAE,8,6,84,0,98,88,0,88,186
2017-05-06,PAE,2,0,178,0,180,178,0,178,358
2021-06-02,PAE,10,3,233,6,252,201,8,209,461
2020-03-01,PAE,45,0,173,0,218,190,0,190,408
2017-05-13,PAE,1,1,93,0,95,99,0,99,194
2021-06-01,PAE,17,4,205,1,227,192,6,198,425
2017-05-20,PAE,2,0,238,0,240,213,0,213,453
2021-05-28,PAE,16,6,184,0,206,275,0,275,481
2020-03-03,PAE,41,4,52,0,97,2,0,2,99
2017-05-19,PAE,27,4,258,1,290,255,0,255,545
2019-03-28,PAE,61,8,178,0,247,245,0,245,492
2021-05-29,PAE,8,3,306,0,317,343,0,343,660
2017-05-18,PAE,11,7,156,3,177,166,0,166,343
2017-05-21,PAE,1,2,279,0,282,234,0,234,516
2017-05-17,PAE,21,5,118,2,146,176,0,176,322
2019-03-29,PAE,40,2,226,10,278,221,20,241,519
2017-05-16,PAE,14,4,57,0,75,127,0,127,202
2020-03-02,PAE,39,4,13,0,56,0,0,0,56
2021-05-31,PAE,10,3,289,0,302,379,0,379,681
2017-05-15,PAE,25,5,63,3,96,18,0,18,114
2019-03-30,PAE,38,0,301,0,339,234,0,234,573
2017-05-14,PAE,6,0,74,0,80,85,0,85,165
2021-05-30,PAE,10,4,203,0,217,178,0,178,395
2019-02-19,PAE,11,0,26,2,39,2,0,2,41
2017-08-10,PAE,10,4,172,0,186,241,0,241,427
2021-04-03,PAE,11,1,226,0,238,272,0,272,510
2019-01-11,PAE,8,4,239,0,251,223,0,223,474
2021-02-04,PAE,13,2,17,2,34,0,0,0,34
2017-11-05,PAE,0,2,28,0,30,32,1,33,63
2020-04-22,PAE,8,4,10,2,24,0,0,0,24
2017-11-04,PAE,17,0,79,0,96,65,0,65,161
2021-02-05,PAE,10,8,61,0,79,0,0,0,79
2019-01-12,PAE,2,6,326,0,334,230,0,230,564
2017-11-03,PAE,9,2,38,1,50,40,0,40,90
2021-02-06,PAE,18,2,39,0,59,35,0,35,94
2017-11-02,PAE,13,9,33,0,55,6,0,6,61
2020-04-21,PAE,8,2,42,6,58,30,0,30,88
2019-01-13,PAE,2,0,291,0,293,297,0,297,590
2017-11-01,PAE,10,4,75,0,89,172,0,172,261
2021-02-07,PAE,8,2,176,0,186,363,0,363,549
2017-10-31,PAE,13,2,222,0,237,288,0,288,525
2017-11-06,PAE,16,2,231,0,249,339,0,339,588
2021-02-08,PAE,11,1,60,4,76,169,0,169,245
2021-02-03,PAE,15,9,206,18,248,372,0,372,620
2019-01-10,PAE,3,7,86,2,98,44,0,44,142
2017-11-14,PAE,15,4,13,0,32,0,0,0,32
2017-11-13,PAE,5,3,7,0,15,0,0,0,15
2021-01-30,PAE,9,3,104,0,116,173,0,173,289
2019-01-08,PAE,5,6,54,0,65,119,0,119,184
2017-11-12,PAE,9,3,99,0,111,104,0,104,215
2020-04-24,PAE,4,2,160,0,166,112,0,112,278
2021-01-31,PAE,24,2,40,0,66,7,0,7,73
2017-11-11,PAE,13,2,101,0,116,178,0,178,294
2019-01-09,PAE,9,1,68,2,80,121,0,121,201
2017-11-10,PAE,7,5,131,0,143,138,0,138,281
2021-02-01,PAE,18,5,37,0,60,58,0,58,118
2017-11-09,PAE,13,3,52,0,68,45,0,45,113
2020-04-23,PAE,16,3,39,0,58,12,0,12,70
2021-02-02,PAE,11,0,29,0,40,2,0,2,42
2017-11-08,PAE,5,3,110,0,118,165,0,165,283
2017-11-07,PAE,16,4,169,0,189,266,0,266,455
2017-10-30,PAE,9,8,192,3,212,285,8,293,505
2019-01-14,PAE,4,9,147,0,160,229,0,229,389
2020-04-20,PAE,5,2,133,0,140,53,0,53,193
2019-01-18,PAE,6,3,82,0,91,50,0,50,141
2017-10-20,PAE,2,2,58,2,64,4,0,4,68
2021-02-15,PAE,14,2,6,0,22,0,0,0,22
2020-04-17,PAE,6,4,108,0,118,23,0,23,141
2017-10-19,PAE,11,6,73,2,92,6,0,6,98
2019-01-19,PAE,10,1,128,0,139,115,0,115,254
2021-02-16,PAE,13,0,50,2,65,117,0,117,182
2017-10-18,PAE,7,2,21,0,30,6,0,6,36
2017-10-17,PAE,20,2,47,0,69,76,0,76,145
2021-02-17,PAE,8,3,254,6,271,393,0,393,664
2019-01-20,PAE,8,0,60,0,68,19,0,19,87
2017-10-16,PAE,13,3,119,4,139,135,0,135,274
2020-04-16,PAE,20,0,152,0,172,63,0,63,235
2021-02-18,PAE,17,2,49,2,70,122,0,122,192
2017-10-15,PAE,16,0,290,0,306,304,0,304,610
2017-10-21,PAE,11,2,27,0,40,5,0,5,45
2021-02-14,PAE,4,4,2,0,10,0,0,0,10
2017-10-22,PAE,2,0,174,0,176,240,0,240,416
2020-04-18,PAE,7,0,47,0,54,25,0,25,79
2017-10-29,PAE,6,3,136,0,145,155,0,155,300
2021-02-09,PAE,13,2,198,1,214,358,0,358,572
2017-10-28,PAE,6,1,330,0,337,298,0,298,635
2019-01-15,PAE,7,11,181,2,201,173,14,187,388
2021-02-10,PAE,10,1,148,1,160,336,8,344,504
2017-10-27,PAE,8,4,245,0,257,292,0,292,549
2020-04-19,PAE,6,2,144,0,152,106,0,106,258
2021-01-29,PAE,18,5,113,0,136,137,0,137,273
2017-10-26,PAE,12,9,169,0,190,110,2,112,302
2019-01-16,PAE,5,7,168,1,181,211,0,211,392
2017-10-25,PAE,16,5,40,0,61,20,0,20,81
2021-02-12,PAE,10,5,62,0,77,73,0,73,150
2017-10-24,PAE,13,2,202,0,217,415,0,415,632
2019-01-17,PAE,24,1,81,0,106,78,0,78,184
2017-10-23,PAE,7,3,171,0,181,354,0,354,535
2021-02-13,PAE,5,1,3,0,9,0,0,0,9
2021-02-11,PAE,10,7,62,0,79,97,0,97,176
2019-01-07,PAE,3,2,128,9,142,210,0,210,352
2017-11-15,PAE,7,7,36,4,54,17,0,17,71
2020-04-25,PAE,4,2,17,0,23,22,0,22,45
2017-12-08,PAE,19,12,193,2,226,146,0,146,372
2018-12-28,PAE,14,4,15,0,33,4,0,4,37
2017-12-07,PAE,1,5,223,1,230,219,0,219,449
2021-01-14,PAE,11,3,241,14,269,244,0,244,513
2017-12-06,PAE,9,3,203,5,220,246,0,246,466
2020-05-01,PAE,41,10,225,0,276,87,0,87,363
2021-01-15,PAE,14,1,108,0,123,200,0,200,323
2017-12-05,PAE,12,4,186,0,202,277,0,277,479
2018-12-29,PAE,4,0,6,0,10,0,0,0,10
2017-12-04,PAE,7,8,109,0,124,222,0,222,346
2021-01-16,PAE,13,0,185,0,198,272,0,272,470
2017-12-03,PAE,8,6,91,0,105,284,0,284,389
2018-12-30,PAE,5,2,172,0,179,152,0,152,331
2021-01-17,PAE,12,4,67,0,83,94,0,94,177
2017-12-02,PAE,13,2,24,0,39,54,0,54,93
2021-01-13,PAE,19,4,186,7,216,402,0,402,618
2020-05-02,PAE,8,0,32,0,40,8,0,8,48
2017-12-09,PAE,14,6,212,0,232,120,0,120,352
2018-12-27,PAE,6,0,54,0,60,85,0,85,145
2017-12-16,PAE,20,2,145,0,167,169,0,169,336
2021-01-08,PAE,19,2,48,0,69,56,0,56,125
2020-05-04,PAE,26,3,104,2,135,48,0,48,183
2017-12-15,PAE,36,0,70,0,106,169,0,169,275
2021-01-09,PAE,14,5,274,0,293,303,0,303,596
2017-12-14,PAE,9,1,187,2,199,212,30,242,441
2018-12-25,PAE,0,0,33,0,33,29,0,29,62
2020-04-30,PAE,6,5,79,2,92,13,0,13,105
2017-12-13,PAE,19,0,162,0,181,245,0,245,426
2020-05-03,PAE,4,3,62,0,69,52,0,52,121
2017-12-12,PAE,19,1,182,0,202,340,0,340,542
2018-12-26,PAE,13,0,22,0,35,48,0,48,83
2021-01-11,PAE,12,1,23,1,37,11,0,11,48
2017-12-11,PAE,5,7,158,0,170,233,0,233,403
2017-12-10,PAE,24,2,192,1,219,150,0,150,369
2021-01-12,PAE,10,4,19,6,39,0,0,0,39
2021-01-10,PAE,13,2,128,0,143,186,0,186,329
2019-01-21,PAE,6,14,147,0,167,215,0,215,382
2017-12-01,PAE,27,5,40,0,72,33,0,33,105
2018-12-31,PAE,3,2,238,0,243,142,0,142,385
2021-01-24,PAE,12,4,24,0,40,20,0,20,60
2019-01-04,PAE,3,5,49,0,57,56,0,56,113
2017-11-21,PAE,4,1,26,2,33,0,0,0,33
2021-01-25,PAE,24,3,64,0,91,127,0,127,218
2017-11-20,PAE,12,10,36,0,58,114,0,114,172
2019-01-05,PAE,2,1,228,0,231,177,0,177,408
2017-11-19,PAE,15,1,28,0,44,4,0,4,48
2021-01-26,PAE,17,9,128,2,156,74,0,74,230
2020-04-26,PAE,4,3,120,0,127,108,0,108,235
2017-11-18,PAE,0,1,281,0,282,387,0,387,669
2021-01-27,PAE,24,1,111,8,144,140,0,140,284
2017-11-17,PAE,25,2,196,4,227,263,0,263,490
2019-01-06,PAE,1,1,43,0,45,26,0,26,71
2017-11-16,PAE,9,9,39,28,85,0,0,0,85
2021-01-28,PAE,25,2,84,0,111,166,0,166,277
2017-11-22,PAE,20,2,46,0,68,49,0,49,117
2020-04-27,PAE,6,0,27,4,37,4,0,4,41
2017-11-23,PAE,0,0,14,0,14,2,0,2,16
2021-01-23,PAE,13,2,242,0,257,144,0,144,401
2017-11-30,PAE,5,5,28,0,38,5,0,5,43
2021-01-19,PAE,13,3,133,3,152,213,15,228,380
2017-11-29,PAE,7,1,140,0,148,216,0,216,364
2020-04-29,PAE,10,0,95,0,105,52,0,52,157
2019-01-01,PAE,2,1,176,0,179,229,0,229,408
2017-11-28,PAE,4,6,16,0,26,7,0,7,33
2021-01-20,PAE,17,1,148,9,175,244,0,244,419
2021-01-18,PAE,17,1,118,0,136,180,0,180,316
2017-11-27,PAE,19,5,142,0,166,267,0,267,433
2017-11-26,PAE,7,1,18,0,26,0,0,0,26
2019-01-02,PAE,10,0,96,0,106,104,0,104,210
2020-04-28,PAE,8,0,136,11,155,78,16,94,249
2017-11-25,PAE,9,3,203,4,219,141,0,141,360
2021-01-22,PAE,30,5,279,1,315,276,0,276,591
2017-11-24,PAE,2,3,79,0,84,84,0,84,168
2019-01-03,PAE,3,4,7,0,14,0,0,0,14
2021-01-21,PAE,12,10,58,6,86,70,0,70,156
2017-10-14,PAE,8,8,233,0,249,268,0,268,517
2021-02-19,PAE,8,3,94,0,105,142,0,142,247
2017-10-13,PAE,8,3,109,0,120,238,0,238,358
2017-09-02,PAE,2,2,311,0,315,333,0,333,648
2021-03-19,PAE,23,0,57,2,82,40,0,40,122
2019-02-09,PAE,0,0,11,0,11,6,0,6,17
2017-09-01,PAE,7,3,272,0,282,219,0,219,501
2021-03-20,PAE,11,3,53,0,67,14,0,14,81
2017-08-31,PAE,8,1,217,1,227,229,0,229,456
2019-02-10,PAE,2,0,23,0,25,17,0,17,42
2017-08-30,PAE,20,4,158,0,182,135,0,135,317
2021-03-21,PAE,14,3,38,0,55,5,2,7,62
2020-04-02,PAE,22,4,37,0,63,39,0,39,102
2017-08-29,PAE,20,2,141,4,167,187,0,187,354
2021-03-22,PAE,18,5,112,1,136,175,0,175,311
2017-08-28,PAE,11,9,180,4,204,261,0,261,465
2019-02-11,PAE,1,0,2,0,3,0,0,0,3
2017-08-27,PAE,1,2,285,0,288,207,0,207,495
2020-04-03,PAE,14,2,23,0,39,8,0,8,47
2017-09-03,PAE,2,0,226,0,228,234,0,234,462
2021-03-18,PAE,15,1,64,0,80,21,0,21,101
2019-02-08,PAE,12,3,13,0,28,7,0,7,35
2019-02-05,PAE,4,4,42,0,50,30,0,30,80
2017-09-10,PAE,4,1,231,0,236,188,0,188,424
2021-03-14,PAE,8,1,54,0,63,82,0,82,145
2017-09-09,PAE,7,0,130,0,137,146,0,146,283
2020-04-05,PAE,16,2,86,0,104,60,0,60,164
2019-02-06,PAE,9,0,102,0,111,66,0,66,177
2017-09-08,PAE,18,2,103,0,123,151,0,151,274
2021-03-23,PAE,17,0,225,0,242,321,17,338,580
2021-03-15,PAE,8,4,141,0,153,247,0,247,400
2021-03-16,PAE,20,0,203,2,225,237,0,237,462
2017-09-06,PAE,15,5,90,0,110,247,0,247,357
2019-02-07,PAE,4,3,125,9,141,50,0,50,191
2020-04-04,PAE,12,0,147,0,159,72,0,72,231
2017-09-05,PAE,14,9,61,0,84,0,0,0,84
2021-03-17,PAE,8,1,271,4,284,404,2,406,690
2017-09-04,PAE,2,0,230,0,232,205,0,205,437
2017-09-07,PAE,10,1,103,3,117,203,67,270,387
2021-03-13,PAE,7,5,337,0,349,188,0,188,537
2020-04-01,PAE,21,0,46,2,69,13,0,13,82
2019-02-12,PAE,9,1,1,0,11,0,0,0,11
2019-02-16,PAE,2,1,59,0,62,22,0,22,84
2021-03-30,PAE,11,2,282,3,298,297,6,303,601
2017-08-16,PAE,13,3,236,0,252,246,0,246,498
2020-03-29,PAE,17,0,35,0,52,0,0,0,52
2017-08-15,PAE,6,5,229,0,240,305,0,305,545
2021-03-31,PAE,20,2,267,0,289,355,0,355,644
2019-02-17,PAE,10,1,98,2,111,190,0,190,301
2017-08-14,PAE,7,9,145,0,161,166,0,166,327
2021-04-01,PAE,13,3,193,0,209,322,0,322,531
2017-08-13,PAE,0,1,153,2,156,204,1,205,361
2020-03-28,PAE,24,4,7,0,35,0,0,0,35
2019-02-18,PAE,7,8,101,0,116,194,0,194,310
2017-08-12,PAE,6,2,228,2,238,200,0,200,438
2021-04-02,PAE,16,5,167,0,188,203,0,203,391
2017-08-11,PAE,9,4,209,6,228,167,19,186,414
2017-08-17,PAE,12,1,191,0,204,207,0,207,411
2021-03-29,PAE,11,11,206,1,229,224,0,224,453
2017-08-18,PAE,15,6,270,0,291,363,6,369,660
2019-02-15,PAE,16,3,74,0,93,78,0,78,171
2021-03-24,PAE,10,2,23,0,35,0,0,0,35
2017-08-25,PAE,10,4,226,0,240,244,0,244,484
2017-08-24,PAE,1,0,174,4,179,207,0,207,386
2021-03-25,PAE,21,2,91,0,114,165,0,165,279
2019-02-13,PAE,16,3,20,4,43,21,0,21,64
2017-08-23,PAE,8,5,184,0,197,224,0,224,421
2020-03-31,PAE,32,0,36,0,68,50,0,50,118
2017-08-26,PAE,1,0,284,0,285,233,0,233,518
2021-03-26,PAE,19,1,198,8,226,138,0,138,364
2019-02-14,PAE,24,0,37,2,63,61,0,61,124
2017-08-21,PAE,3,3,245,0,251,223,0,223,474
2021-03-27,PAE,14,3,216,0,233,363,0,363,596
2017-08-20,PAE,10,4,226,0,240,264,0,264,504
2020-03-30,PAE,30,6,9,0,45,0,0,0,45
2021-03-28,PAE,11,3,16,0,30,0,0,0,30
2017-08-19,PAE,7,3,309,0,319,275,0,275,594
2017-08-22,PAE,22,1,202,0,225,242,0,242,467
2021-06-28,PAE,9,5,93,1,108,83,0,83,191
2017-09-11,PAE,9,1,161,0,171,171,0,171,342
2017-09-12,PAE,14,2,160,4,180,188,0,188,368
2021-02-25,PAE,12,4,22,0,38,60,0,60,98
2017-10-04,PAE,5,3,206,2,216,275,0,275,491
2021-02-26,PAE,14,3,78,4,99,128,4,132,231
2017-10-03,PAE,2,7,194,0,203,222,0,222,425
2019-01-26,PAE,11,2,275,1,289,284,0,284,573
2020-04-12,PAE,3,0,130,0,133,33,0,33,166
2017-10-02,PAE,1,7,107,0,115,216,0,216,331
2021-02-27,PAE,5,0,345,2,352,271,0,271,623
2017-10-01,PAE,6,1,141,0,148,87,0,87,235
2019-01-27,PAE,2,0,22,1,25,0,0,0,25
2021-02-28,PAE,7,0,67,0,74,22,0,22,96
2017-09-30,PAE,14,1,165,0,180,186,0,186,366
2020-04-11,PAE,11,2,66,0,79,10,0,10,89
2017-09-29,PAE,20,5,103,0,128,95,0,95,223
2021-03-01,PAE,8,5,173,13,199,360,0,360,559
2017-10-05,PAE,10,4,204,2,220,295,0,295,515
2019-01-25,PAE,8,12,184,2,206,263,0,263,469
2020-04-13,PAE,2,0,69,0,71,21,0,21,92
2017-10-06,PAE,13,15,132,0,160,177,1,178,338
2020-04-15,PAE,8,0,83,0,91,37,0,37,128
2021-02-20,PAE,6,2,185,0,193,179,0,179,372
2017-10-12,PAE,12,5,49,0,66,0,0,0,66
2019-01-22,PAE,11,2,29,0,42,11,0,11,53
2017-10-11,PAE,20,1,132,0,153,330,0,330,483
2021-02-21,PAE,7,2,14,0,23,0,0,0,23
2017-10-10,PAE,15,0,71,0,86,100,0,100,186
2019-01-28,PAE,13,3,203,5,224,253,0,253,477
2019-01-23,PAE,14,7,71,0,92,0,0,0,92
2017-10-09,PAE,7,8,215,0,230,254,0,254,484
2020-04-14,PAE,9,1,63,6,79,25,11,36,115
2017-10-08,PAE,5,1,236,0,242,205,0,205,447
2021-02-23,PAE,12,1,79,10,102,182,0,182,284
2019-01-24,PAE,11,4,73,7,95,35,0,35,130
2017-10-07,PAE,11,0,72,0,83,108,0,108,191
2021-02-24,PAE,14,3,250,2,269,270,0,270,539
2021-02-22,PAE,7,3,18,0,28,0,0,0,28
2020-04-06,PAE,9,6,101,2,118,32,24,56,174
2017-09-28,PAE,9,6,247,0,262,208,0,208,470
2017-09-27,PAE,11,2,236,0,249,252,0,252,501
2021-03-08,PAE,12,1,246,6,265,245,0,245,510
2017-09-18,PAE,21,4,65,3,93,44,0,44,137
2019-02-02,PAE,2,0,95,0,97,49,0,49,146
2017-09-17,PAE,4,0,56,0,60,54,0,54,114
2021-03-09,PAE,15,0,176,2,193,247,2,249,442
2017-09-16,PAE,11,3,258,0,272,232,0,232,504
2020-04-07,PAE,11,1,62,19,93,36,49,85,178
2021-03-10,PAE,14,2,253,2,271,207,0,207,478
2017-09-15,PAE,12,2,209,0,223,207,0,207,430
2019-02-03,PAE,14,0,7,0,21,30,0,30,51
2017-09-14,PAE,3,4,202,3,212,181,0,181,393
2021-03-11,PAE,17,5,282,4,308,247,18,265,573
2017-09-13,PAE,12,4,182,0,198,238,0,238,436
2019-02-04,PAE,0,0,5,0,5,0,0,0,5
2021-03-12,PAE,19,6,251,9,285,300,22,322,607
2020-04-08,PAE,12,2,131,12,157,54,22,76,233
2017-09-19,PAE,24,4,47,0,75,76,0,76,151
2019-02-01,PAE,2,3,27,0,32,0,0,0,32
2021-03-07,PAE,14,1,35,0,50,0,0,0,50
2019-01-29,PAE,10,4,215,7,236,300,26,326,562
2017-09-26,PAE,27,4,155,11,197,194,0,194,391
2021-03-03,PAE,11,3,314,2,330,408,0,408,738
2020-04-10,PAE,18,2,99,0,119,15,0,15,134
2017-09-25,PAE,31,2,117,2,152,191,0,191,343
2021-03-04,PAE,13,3,101,0,117,157,0,157,274
2017-09-24,PAE,11,2,238,0,251,214,8,222,473
2021-03-02,PAE,6,7,84,9,106,194,20,214,320
2019-01-30,PAE,3,3,185,0,191,258,0,258,449
2021-03-05,PAE,11,0,32,0,43,40,0,40,83
2020-04-09,PAE,16,1,142,0,159,38,2,40,199
2017-09-22,PAE,16,3,236,0,255,267,0,267,522
2019-01-31,PAE,15,4,164,1,184,173,0,173,357
2021-03-06,PAE,11,1,108,0,120,139,0,139,259
2017-09-21,PAE,13,4,117,0,134,104,0,104,238
2017-09-20,PAE,10,2,92,5,109,198,2,200,309
2017-09-23,PAE,8,0,286,0,294,229,0,229,523
2019-10-18,PAE,50,1,71,0,122,101,0,101,223
2016-02-15,PAE,3,3,9,0,15,0,0,0,15
2012-06-13,PAE,20,9,93,2,124,170,0,170,294
2014-07-11,PAE,7,7,200,0,214,296,0,296,510
2011-01-25,PAE,19,14,92,2,127,102,0,102,229
2014-07-10,PAE,33,4,260,0,297,348,8,356,653
2013-02-28,PAE,7,8,49,11,75,15,0,15,90
2014-07-09,PAE,20,1,193,0,214,239,0,239,453
2011-01-26,PAE,30,15,214,2,261,184,0,184,445
2011-12-22,PAE,5,3,253,0,261,246,0,246,507
2014-07-08,PAE,4,4,167,0,175,221,0,221,396
2013-03-01,PAE,10,4,33,4,51,8,0,8,59
2011-01-27,PAE,22,10,186,0,218,246,0,246,464
2014-07-07,PAE,4,3,112,3,122,110,2,112,234
2014-07-06,PAE,14,0,242,0,256,304,0,304,560
2011-01-28,PAE,28,7,46,2,83,46,0,46,129
2013-03-02,PAE,4,2,68,1,75,72,0,72,147
2014-07-05,PAE,5,4,162,0,171,112,0,112,283
2011-12-23,PAE,8,2,78,0,88,76,0,76,164
2011-12-21,PAE,21,4,148,0,173,208,0,208,381
2011-01-24,PAE,19,9,57,0,85,84,0,84,169
2013-02-27,PAE,18,5,109,0,132,258,0,258,390
2013-02-24,PAE,11,1,75,5,92,55,0,55,147
2011-12-25,PAE,0,0,4,0,4,4,0,4,8
2014-07-18,PAE,7,3,175,5,190,169,0,169,359
2011-01-20,PAE,10,8,33,7,58,31,0,31,89
2014-07-17,PAE,33,1,178,0,212,209,0,209,421
2013-02-25,PAE,12,4,102,3,121,275,0,275,396
2011-01-21,PAE,31,8,12,0,51,0,0,0,51
2014-07-16,PAE,29,1,149,1,180,247,0,247,427
2011-12-24,PAE,1,4,44,0,49,34,0,34,83
2014-07-15,PAE,19,3,173,4,199,228,4,232,431
2011-01-22,PAE,12,0,209,2,223,199,0,199,422
2013-02-26,PAE,15,1,75,0,91,71,0,71,162
2014-07-14,PAE,6,3,166,2,177,240,0,240,417
2011-01-23,PAE,4,4,122,2,132,267,0,267,399
2014-07-13,PAE,11,3,197,1,212,175,0,175,387
2014-07-12,PAE,8,0,256,0,264,246,0,246,510
2011-01-29,PAE,12,3,43,0,58,0,0,0,58
2014-07-04,PAE,3,0,188,0,191,172,0,172,363
2013-03-03,PAE,13,2,295,2,312,318,0,318,630
2011-12-18,PAE,1,0,38,0,39,5,0,5,44
2013-03-07,PAE,22,3,84,3,112,65,0,65,177
2014-06-24,PAE,10,9,136,3,158,142,16,158,316
2011-02-05,PAE,4,0,112,2,118,91,0,91,209
2014-06-23,PAE,12,10,179,7,208,252,7,259,467
2011-02-06,PAE,0,1,3,0,4,0,0,0,4
2014-06-22,PAE,13,5,348,3,369,312,52,364,733
2013-03-08,PAE,5,3,281,0,289,409,0,409,698
2011-12-17,PAE,6,4,308,3,321,310,7,317,638
2014-06-21,PAE,3,2,390,4,399,350,0,350,749
2011-02-07,PAE,26,20,48,0,94,73,0,73,167
2014-06-20,PAE,18,10,234,14,276,339,2,341,617
2013-03-09,PAE,14,0,374,0,388,214,0,214,602
2011-02-08,PAE,12,3,110,2,127,144,10,154,281
2014-06-19,PAE,20,2,204,4,230,244,0,244,474
2014-06-25,PAE,9,8,170,2,189,203,0,203,392
2011-02-04,PAE,23,5,24,0,52,0,0,0,52
2014-06-26,PAE,14,9,147,0,170,204,0,204,374
2013-03-06,PAE,12,3,72,3,90,59,8,67,157
2014-07-03,PAE,36,4,199,0,239,240,0,240,479
2011-01-30,PAE,15,0,240,2,257,281,0,281,538
2014-07-02,PAE,14,10,197,0,221,178,0,178,399
2011-12-20,PAE,13,2,45,2,62,4,0,4,66
2011-01-31,PAE,19,17,129,0,165,176,0,176,341
2014-07-01,PAE,6,7,202,2,217,151,0,151,368
2013-03-04,PAE,11,11,254,1,277,365,4,369,646
2014-07-19,PAE,18,0,109,0,127,110,0,110,237
2014-06-30,PAE,5,6,199,0,210,215,0,215,425
2014-06-29,PAE,6,5,175,9,195,298,12,310,505
2013-03-05,PAE,8,5,132,2,147,294,0,294,441
2011-02-02,PAE,12,7,176,3,198,278,0,278,476
2014-06-28,PAE,11,2,81,0,94,161,0,161,255
2011-12-19,PAE,14,5,107,0,126,109,0,109,235
2014-06-27,PAE,11,12,92,8,123,173,0,173,296
2011-02-03,PAE,14,14,79,6,113,90,0,90,203
2011-02-01,PAE,26,9,192,6,233,124,0,124,357
2011-01-19,PAE,6,15,207,10,238,198,0,198,436
2014-07-20,PAE,8,0,137,1,146,168,0,168,314
2011-01-18,PAE,5,8,2,3,18,2,0,2,20
2014-08-12,PAE,10,1,100,0,111,241,0,241,352
2012-01-01,PAE,1,2,117,8,128,110,3,113,241
2014-08-11,PAE,10,7,158,2,177,254,6,260,437
2011-01-04,PAE,7,9,75,0,91,91,0,91,182
2013-02-14,PAE,15,2,51,0,68,30,0,30,98
2014-08-10,PAE,6,1,238,1,246,231,0,231,477
2011-01-05,PAE,9,6,20,1,36,0,0,0,36
2014-08-09,PAE,4,1,254,2,261,261,0,261,522
2013-02-15,PAE,18,2,276,0,296,218,0,218,514
2014-08-08,PAE,12,7,167,0,186,199,0,199,385
2011-01-06,PAE,1,6,26,0,33,0,0,0,33
2011-12-31,PAE,0,5,203,0,208,230,1,231,439
2014-08-07,PAE,7,3,222,0,232,174,0,174,406
2011-01-07,PAE,7,12,5,4,28,0,0,0,28
2014-08-06,PAE,7,3,142,0,152,225,0,225,377
2011-01-03,PAE,2,8,132,2,144,117,0,117,261
2013-02-13,PAE,15,7,93,2,117,120,0,120,237
2014-08-13,PAE,7,5,91,7,110,122,0,122,232
2011-01-02,PAE,2,2,199,0,203,76,0,76,279
2014-08-20,PAE,21,4,179,4,208,241,0,241,449
2010-12-29,PAE,4,10,22,0,36,7,0,7,43
2013-02-10,PAE,14,3,205,0,222,297,1,298,520
2014-08-19,PAE,21,5,153,3,182,183,0,183,365
2010-12-30,PAE,7,6,172,2,187,91,0,91,278
2014-08-18,PAE,12,2,190,0,204,193,0,193,397
2012-01-03,PAE,4,5,103,0,112,53,0,53,165
2013-02-16,PAE,4,0,58,0,62,8,0,8,70
2013-02-11,PAE,8,6,45,1,60,24,16,40,100
2010-12-31,PAE,1,9,190,2,202,102,0,102,304
2014-08-16,PAE,10,5,221,0,236,201,0,201,437
2011-01-01,PAE,0,1,128,0,129,116,0,116,245
2014-08-15,PAE,22,11,110,2,145,86,0,86,231
2013-02-12,PAE,8,6,43,2,59,14,0,14,73
2012-01-02,PAE,0,2,103,1,106,73,2,75,181
2014-08-14,PAE,15,11,116,6,148,212,0,212,360
2014-08-17,PAE,12,2,204,2,220,288,0,288,508
2011-12-16,PAE,31,4,123,2,160,94,0,94,254
2014-08-05,PAE,16,6,135,10,167,257,0,257,424
2011-12-30,PAE,11,1,53,0,65,16,0,16,81
2011-01-14,PAE,8,2,11,0,21,0,0,0,21
2014-07-26,PAE,6,1,263,0,270,265,0,265,535
2013-02-21,PAE,9,2,46,0,57,22,2,24,81
2011-01-15,PAE,11,8,111,1,131,19,0,19,150
2014-07-25,PAE,5,3,223,2,233,385,0,385,618
2011-12-27,PAE,3,14,36,0,53,0,0,0,53
2014-07-24,PAE,8,6,75,0,89,59,0,59,148
2011-01-16,PAE,3,0,23,0,26,4,0,4,30
2013-02-22,PAE,14,4,27,0,45,16,0,16,61
2014-07-23,PAE,25,2,26,4,57,7,0,7,64
2011-01-17,PAE,26,3,26,0,55,0,0,0,55
2014-07-22,PAE,23,10,97,0,130,87,0,87,217
2011-12-26,PAE,6,4,74,0,84,82,0,82,166
2013-02-23,PAE,10,0,103,0,113,158,0,158,271
2014-07-21,PAE,10,2,165,0,177,120,0,120,297
2014-07-27,PAE,4,1,209,0,214,171,0,171,385
2013-02-20,PAE,20,4,88,4,116,105,0,105,221
2014-07-28,PAE,11,2,153,0,166,235,4,239,405
2011-01-13,PAE,20,4,8,0,32,0,0,0,32
2014-08-04,PAE,9,5,162,6,182,180,0,180,362
2013-02-17,PAE,11,1,138,0,150,204,0,204,354
2011-01-09,PAE,1,2,4,0,7,14,0,14,21
2014-08-03,PAE,13,1,194,4,212,160,0,160,372
2014-08-02,PAE,0,3,170,0,173,153,0,153,326
2011-01-10,PAE,35,12,100,4,151,96,0,96,247
2013-02-18,PAE,10,10,131,0,151,123,0,123,274
2011-01-08,PAE,6,0,46,2,54,31,0,31,85
2014-08-01,PAE,8,1,202,0,211,220,0,220,431
2011-01-11,PAE,17,6,121,0,144,65,0,65,209
2014-07-31,PAE,13,1,183,0,197,224,0,224,421
2013-02-19,PAE,9,7,207,2,225,236,0,236,461
2014-07-30,PAE,7,6,197,0,210,153,0,153,363
2011-01-12,PAE,15,6,14,6,41,0,0,0,41
2014-07-29,PAE,9,3,152,1,165,257,0,257,422
2011-12-28,PAE,3,4,16,0,23,0,0,0,23
2011-12-29,PAE,3,3,86,2,94,65,0,65,159
2012-01-04,PAE,8,3,26,1,38,8,0,8,46
2014-06-18,PAE,17,6,182,2,207,318,0,318,525
2013-03-10,PAE,7,3,133,1,144,227,0,227,371
2013-03-28,PAE,11,4,128,4,147,160,0,160,307
2014-05-07,PAE,13,6,256,0,275,270,0,270,545
2011-03-09,PAE,12,1,36,3,52,1,0,1,53
2014-05-06,PAE,19,2,130,2,153,198,7,205,358
2013-03-29,PAE,4,2,375,3,384,261,0,261,645
2011-03-10,PAE,17,10,20,0,47,4,0,4,51
2014-05-05,PAE,5,5,73,0,83,244,0,244,327
2011-12-03,PAE,15,0,55,0,70,6,0,6,76
2014-05-04,PAE,6,1,48,0,55,63,0,63,118
2011-03-11,PAE,21,6,106,1,134,176,13,189,323
2013-03-30,PAE,5,1,368,0,374,245,0,245,619
2014-05-03,PAE,12,4,72,0,88,66,0,66,154
2011-03-12,PAE,7,7,58,0,72,64,0,64,136
2014-05-02,PAE,17,2,184,1,204,218,0,218,422
2011-12-02,PAE,13,5,138,4,160,125,0,125,285
2014-05-08,PAE,22,9,99,0,130,209,0,209,339
2013-03-31,PAE,2,1,233,0,236,166,0,166,402
2011-03-08,PAE,1,7,47,2,57,21,0,21,78
2014-05-09,PAE,4,5,87,0,96,91,0,91,187
2011-12-06,PAE,10,4,68,4,86,47,0,47,133
2014-05-15,PAE,22,10,214,1,247,161,0,161,408
2013-03-25,PAE,21,7,183,0,211,355,0,355,566
2011-03-04,PAE,12,7,80,1,100,58,2,60,160
2014-05-14,PAE,8,13,230,2,253,248,0,248,501
2014-05-13,PAE,12,6,186,2,206,237,8,245,451
2011-03-05,PAE,10,0,161,2,173,207,0,207,380
2013-03-26,PAE,16,7,165,0,188,231,0,231,419
2014-05-12,PAE,1,9,166,5,181,187,0,187,368
2011-12-05,PAE,19,6,124,0,149,161,0,161,310
2011-03-06,PAE,9,1,213,2,225,191,0,191,416
2014-05-11,PAE,3,1,207,0,211,262,0,262,473
2013-03-27,PAE,16,0,160,0,176,254,0,254,430
2014-05-10,PAE,9,1,122,0,132,151,0,151,283
2011-03-07,PAE,23,5,126,5,159,106,0,106,265
2011-12-04,PAE,4,2,254,0,260,181,0,181,441
2014-05-01,PAE,9,11,241,0,261,194,0,194,455
2011-03-13,PAE,5,13,26,0,44,0,0,0,44
2014-04-30,PAE,23,4,236,4,267,214,0,214,481
2011-11-29,PAE,14,5,50,0,69,85,0,85,154
2014-04-21,PAE,16,13,131,2,162,279,0,279,441
2011-03-20,PAE,4,10,235,9,258,321,20,341,599
2014-04-20,PAE,6,2,148,0,156,185,0,185,341
2013-04-05,PAE,17,2,49,0,68,23,0,23,91
2014-04-19,PAE,15,1,88,6,110,100,0,100,210
2011-03-21,PAE,12,20,77,1,110,42,0,42,152
2011-11-28,PAE,14,4,114,0,132,112,1,113,245
2014-04-18,PAE,25,11,207,3,246,186,0,186,432
2013-04-06,PAE,6,2,42,0,50,18,0,18,68
2011-03-22,PAE,13,3,151,0,167,159,9,168,335
2014-04-17,PAE,4,8,17,3,32,8,0,8,40
2014-04-16,PAE,9,2,40,1,52,14,0,14,66
2011-03-23,PAE,23,5,247,3,278,210,4,214,492
2013-04-07,PAE,4,0,44,0,48,0,0,0,48
2011-03-19,PAE,15,0,237,2,254,225,0,225,479
2014-04-22,PAE,12,2,32,2,48,4,0,4,52
2013-04-04,PAE,10,6,64,0,80,93,0,93,173
2014-04-23,PAE,29,9,92,11,141,187,0,187,328
2011-03-14,PAE,14,9,70,2,95,69,6,75,170
2014-04-29,PAE,20,2,199,4,225,197,0,197,422
2013-04-01,PAE,19,4,96,2,121,151,0,151,272
2011-12-01,PAE,4,8,55,0,67,38,0,38,105
2014-04-28,PAE,23,7,138,1,169,202,0,202,371
2011-03-15,PAE,16,10,15,0,41,7,0,7,48
2014-04-27,PAE,11,3,63,0,77,90,0,90,167
2011-03-03,PAE,28,8,60,0,96,54,0,54,150
2013-04-02,PAE,8,7,140,4,159,215,4,219,378
2014-04-26,PAE,12,0,189,0,201,141,0,141,342
2011-11-30,PAE,4,4,99,2,109,136,2,138,247
2014-04-25,PAE,8,8,200,0,216,189,0,189,405
2011-03-17,PAE,34,14,134,5,187,144,0,144,331
2013-04-03,PAE,6,14,138,18,176,234,0,234,410
2014-04-24,PAE,25,1,10,2,38,0,0,0,38
2011-03-18,PAE,16,6,132,1,155,142,11,153,308
2011-03-16,PAE,9,4,73,2,88,45,0,45,133
2014-05-16,PAE,26,6,148,4,184,133,0,133,317
2013-03-24,PAE,4,0,271,0,275,292,0,292,567
2014-05-17,PAE,4,0,399,0,403,226,0,226,629
2013-03-14,PAE,11,9,71,2,93,77,0,77,170
2014-06-08,PAE,8,4,230,0,242,199,0,199,441
2011-12-13,PAE,15,15,154,4,188,131,0,131,319
2011-02-16,PAE,9,7,82,1,99,37,0,37,136
2014-06-07,PAE,5,4,277,0,286,188,0,188,474
2013-03-15,PAE,24,3,135,5,167,238,0,238,405
2014-06-06,PAE,17,3,231,12,263,156,0,156,419
2011-02-17,PAE,4,4,44,0,52,36,0,36,88
2014-06-05,PAE,29,8,291,9,337,255,7,262,599
2011-12-12,PAE,7,1,139,0,147,130,0,130,277
2011-02-18,PAE,31,6,135,3,175,104,0,104,279
2014-06-04,PAE,16,9,145,0,170,125,0,125,295
2013-03-16,PAE,8,0,44,0,52,20,0,20,72
2014-06-03,PAE,24,2,112,6,144,162,12,174,318
2011-02-19,PAE,4,0,355,2,361,253,0,253,614
2011-02-15,PAE,16,14,28,4,62,39,0,39,101
2014-06-09,PAE,13,4,140,3,160,208,0,208,368
2014-06-10,PAE,10,3,138,4,155,273,0,273,428
2011-02-14,PAE,7,10,13,0,30,6,0,6,36
2014-06-17,PAE,8,2,141,0,151,179,0,179,330
2011-02-10,PAE,21,7,210,10,248,257,0,257,505
2014-06-16,PAE,9,5,106,0,120,170,0,170,290
2013-03-11,PAE,14,6,99,0,119,283,0,283,402
2014-06-15,PAE,5,4,111,1,121,118,0,118,239
2011-02-11,PAE,24,7,119,1,151,202,6,208,359
2011-12-15,PAE,30,3,28,1,62,42,0,42,104
2014-06-02,PAE,10,5,202,0,217,250,0,250,467
2014-06-14,PAE,15,3,124,0,142,94,0,94,236
2014-06-13,PAE,24,4,44,0,72,28,0,28,100
2013-03-12,PAE,19,8,29,0,56,17,0,17,73
2014-06-12,PAE,11,10,178,1,200,236,0,236,436
2011-02-13,PAE,9,2,160,3,174,172,0,172,346
2011-12-14,PAE,6,4,113,3,126,123,0,123,249
2014-06-11,PAE,23,3,223,5,254,245,0,245,499
2013-03-13,PAE,4,8,42,3,57,26,0,26,83
2011-02-12,PAE,7,1,28,2,38,14,0,14,52
2011-02-09,PAE,17,6,241,0,264,278,0,278,542
2013-03-17,PAE,5,0,162,2,169,144,0,144,313
2014-06-01,PAE,4,1,207,2,214,145,0,145,359
2011-02-26,PAE,11,3,36,0,50,16,0,16,66
2014-05-23,PAE,13,10,85,0,108,89,0,89,197
2011-12-08,PAE,12,13,77,2,104,118,0,118,222
2014-05-22,PAE,8,10,194,2,214,203,8,211,425
2011-02-27,PAE,11,2,11,2,26,0,0,0,26
2013-03-22,PAE,4,7,88,0,99,102,0,102,201
2014-05-21,PAE,25,2,155,1,183,189,0,189,372
2011-02-28,PAE,11,6,26,0,43,0,0,0,43
2014-05-20,PAE,21,3,173,2,199,182,0,182,381
2013-03-23,PAE,3,0,233,11,247,229,0,229,476
2014-05-19,PAE,12,6,118,1,137,191,4,195,332
2011-03-01,PAE,25,4,24,0,53,9,0,9,62
2011-12-07,PAE,14,2,17,6,39,2,0,2,41
2014-05-18,PAE,11,1,186,1,199,246,0,246,445
2011-03-02,PAE,4,6,11,2,23,0,0,0,23
2013-03-21,PAE,12,11,81,0,104,162,0,162,266
2014-05-24,PAE,6,2,130,0,138,77,0,77,215
2011-02-25,PAE,6,7,121,1,135,141,0,141,276
2014-05-25,PAE,3,1,80,3,87,157,0,157,244
2011-12-11,PAE,10,3,54,0,67,59,0,59,126
2014-05-31,PAE,2,1,295,9,307,191,4,195,502
2011-02-21,PAE,21,8,95,0,124,131,0,131,255
2013-03-18,PAE,10,4,103,8,125,206,9,215,340
2014-05-30,PAE,19,4,251,0,274,170,0,170,444
2011-02-22,PAE,11,9,17,0,37,26,0,26,63
2014-05-29,PAE,9,4,135,4,152,233,0,233,385
2011-02-20,PAE,4,0,252,2,258,177,0,177,435
2011-12-10,PAE,16,1,70,0,87,148,0,148,235
2014-05-28,PAE,13,0,114,0,127,227,0,227,354
2011-02-23,PAE,8,3,2,0,13,0,0,0,13
2014-05-27,PAE,12,9,158,3,182,175,4,179,361
2011-02-24,PAE,23,6,29,0,58,6,0,6,64
2014-05-26,PAE,5,2,109,0,116,137,0,137,253
2013-03-20,PAE,14,1,18,0,33,14,0,14,47
2011-12-09,PAE,35,5,220,1,261,322,0,322,583
2013-03-19,PAE,15,7,176,0,198,110,12,122,320
2014-04-15,PAE,16,4,90,1,111,151,0,151,262
2014-08-21,PAE,17,5,213,2,237,280,0,280,517
2013-02-09,PAE,11,0,21,2,34,66,0,66,100
2014-11-17,PAE,11,2,124,0,137,205,0,205,342
2012-01-30,PAE,4,10,68,4,86,121,0,121,207
2010-10-31,PAE,9,0,168,0,177,189,0,189,366
2014-11-16,PAE,5,0,223,0,228,234,0,234,462
2013-01-02,PAE,2,10,192,0,204,136,2,138,342
2014-11-15,PAE,7,0,331,1,339,291,0,291,630
2010-11-01,PAE,17,10,24,2,53,4,0,4,57
2014-11-14,PAE,10,1,160,0,171,241,0,241,412
2012-01-29,PAE,11,0,30,0,41,0,0,0,41
2010-11-02,PAE,8,4,196,0,208,310,0,310,518
2014-11-13,PAE,17,7,142,2,168,227,0,227,395
2013-01-03,PAE,2,6,146,8,162,235,0,235,397
2014-11-12,PAE,20,6,163,1,190,165,0,165,355
2010-11-03,PAE,9,5,254,1,269,218,0,218,487
2014-11-11,PAE,20,0,50,0,70,32,0,32,102
2013-01-01,PAE,1,0,242,1,244,240,2,242,486
2013-01-04,PAE,12,4,26,2,44,78,0,78,122
2010-10-30,PAE,8,0,174,0,182,214,0,214,396
2014-11-19,PAE,18,4,130,3,155,106,0,106,261
2014-11-25,PAE,23,4,11,4,42,0,0,0,42
2012-12-29,PAE,2,2,23,0,27,0,0,0,27
2014-11-24,PAE,23,8,46,5,82,48,0,48,130
2010-10-26,PAE,6,7,29,2,44,2,0,2,46
2012-02-01,PAE,10,2,91,2,105,134,0,134,239
2014-11-23,PAE,12,1,68,0,81,92,0,92,173
2010-10-27,PAE,12,8,174,0,194,324,0,324,518
2014-11-22,PAE,8,0,113,0,121,165,0,165,286
2012-12-30,PAE,0,0,26,0,26,24,0,24,50
2014-11-21,PAE,22,5,20,0,47,19,0,19,66
2010-10-28,PAE,12,3,53,2,70,49,0,49,119
2012-01-31,PAE,10,7,81,7,105,143,0,143,248
2014-11-20,PAE,18,7,101,4,130,100,0,100,230
2012-12-31,PAE,2,4,148,0,154,136,0,136,290
2010-10-29,PAE,17,4,155,0,176,134,0,134,310
2014-11-18,PAE,15,4,180,6,205,257,0,257,462
2010-11-04,PAE,24,11,236,4,275,276,1,277,552
2014-11-10,PAE,11,3,107,0,121,205,0,205,326
2012-01-28,PAE,24,5,224,4,257,166,0,166,423
2012-01-25,PAE,12,5,44,4,65,10,0,10,75
2014-10-31,PAE,14,2,36,1,53,0,0,0,53
2010-11-11,PAE,24,7,89,0,120,66,0,66,186
2013-01-09,PAE,12,8,7,0,27,0,0,0,27
2014-10-30,PAE,18,0,76,0,94,92,0,92,186
2010-11-12,PAE,23,19,173,2,217,153,0,153,370
2014-10-29,PAE,24,8,132,0,164,244,0,244,408
2013-01-10,PAE,20,2,30,0,52,10,0,10,62
2014-10-28,PAE,33,8,22,5,68,9,0,9,77
2010-11-13,PAE,16,0,136,1,153,118,0,118,271
2012-01-24,PAE,18,3,12,0,33,12,0,12,45
2014-10-27,PAE,11,0,124,2,137,75,0,75,212
2010-11-14,PAE,4,1,14,0,19,0,0,0,19
2014-10-26,PAE,13,2,54,0,69,154,0,154,223
2013-01-11,PAE,14,2,137,1,154,163,0,163,317
2014-11-01,PAE,7,0,52,0,59,167,0,167,226
2010-11-10,PAE,36,9,196,0,241,195,0,195,436
2013-01-08,PAE,10,4,7,2,23,0,0,0,23
2014-11-02,PAE,5,1,117,0,123,66,0,66,189
2014-11-09,PAE,4,1,34,0,39,32,0,32,71
2010-11-05,PAE,6,4,52,0,62,0,0,0,62
2013-01-05,PAE,8,5,116,6,135,78,8,86,221
2014-11-08,PAE,16,0,285,0,301,343,0,343,644
2014-11-07,PAE,22,4,300,2,328,324,0,324,652
2012-01-27,PAE,13,2,239,0,254,260,6,266,520
2013-01-06,PAE,2,0,75,0,77,31,0,31,108
2010-10-25,PAE,18,13,13,0,44,5,0,5,49
2014-11-06,PAE,20,3,15,0,38,43,0,43,81
2014-11-05,PAE,21,2,114,6,143,141,0,141,284
2010-11-08,PAE,7,9,76,0,92,49,18,67,159
2014-11-04,PAE,14,4,61,0,79,114,0,114,193
2013-01-07,PAE,16,4,21,0,41,0,0,0,41
2012-01-26,PAE,8,29,79,5,121,184,7,191,312
2014-11-03,PAE,2,1,28,2,33,2,0,2,35
2010-11-09,PAE,9,9,47,0,65,78,0,78,143
2010-11-07,PAE,4,0,158,0,162,194,0,194,356
2014-11-26,PAE,28,0,36,2,66,0,0,0,66
2012-12-28,PAE,4,2,199,0,205,198,0,198,403
2010-10-24,PAE,0,1,12,2,15,11,0,11,26
2014-12-19,PAE,37,3,55,0,95,57,0,57,152
2012-12-18,PAE,7,2,31,0,40,31,0,31,71
2014-12-18,PAE,27,12,69,2,110,142,0,142,252
2010-10-10,PAE,5,1,92,0,98,150,0,150,248
2012-02-08,PAE,21,19,81,4,125,130,0,130,255
2014-12-17,PAE,17,13,126,0,156,135,0,135,291
2012-12-19,PAE,13,2,7,0,22,0,0,0,22
2010-10-11,PAE,9,9,150,0,168,180,0,180,348
2014-12-16,PAE,6,6,100,0,112,154,0,154,266
2014-12-15,PAE,25,6,105,0,136,134,0,134,270
2010-10-12,PAE,19,11,208,2,240,129,0,129,369
2012-12-20,PAE,23,2,15,3,43,5,0,5,48
2014-12-14,PAE,16,1,205,0,222,285,0,285,507
2012-02-07,PAE,17,5,167,5,194,176,0,176,370
2010-10-13,PAE,7,11,203,0,221,308,0,308,529
2010-10-09,PAE,4,6,53,0,63,11,0,11,74
2014-12-20,PAE,5,0,25,0,30,29,0,29,59
2012-02-09,PAE,8,8,61,8,85,116,0,116,201
2010-10-08,PAE,7,13,101,0,121,92,1,93,214
2012-02-11,PAE,5,2,123,2,132,191,0,191,323
2014-12-27,PAE,1,2,18,0,21,6,0,6,27
2010-10-04,PAE,13,7,107,1,128,155,0,155,283
2014-12-26,PAE,2,0,82,0,84,59,0,59,143
2012-12-15,PAE,13,0,23,0,36,23,0,23,59
2010-10-05,PAE,4,20,210,1,235,211,0,211,446
2014-12-25,PAE,0,0,22,0,22,2,0,2,24
2014-12-13,PAE,16,5,114,0,135,145,6,151,286
2012-02-10,PAE,23,2,73,1,99,107,0,107,206
2010-10-06,PAE,10,3,153,4,170,154,0,154,324
2012-12-16,PAE,16,1,30,0,47,4,0,4,51
2014-12-23,PAE,14,4,16,0,34,6,0,6,40
2010-10-07,PAE,11,10,122,1,144,110,0,110,254
2014-12-22,PAE,9,0,172,0,181,207,0,207,388
2012-12-17,PAE,12,4,13,0,29,21,0,21,50
2014-12-21,PAE,27,0,105,0,132,216,0,216,348
2014-12-24,PAE,1,2,33,0,36,3,0,3,39
2014-10-25,PAE,7,0,68,0,75,91,0,91,166
2012-12-21,PAE,16,15,130,0,161,282,0,282,443
2010-10-14,PAE,10,10,100,2,122,172,0,172,294
2014-12-03,PAE,18,0,146,2,166,244,0,244,410
2010-10-20,PAE,8,18,167,2,195,135,0,135,330
2014-12-02,PAE,14,11,151,19,195,186,0,186,381
2010-10-21,PAE,17,26,87,4,134,85,0,85,219
2014-12-01,PAE,19,3,90,0,112,105,0,105,217
2012-12-26,PAE,4,3,28,0,35,0,0,0,35
2012-02-03,PAE,20,7,275,0,302,317,0,317,619
2014-11-30,PAE,7,3,165,0,175,89,0,89,264
2010-10-22,PAE,6,24,104,0,134,103,0,103,237
2014-11-29,PAE,5,2,42,0,49,30,0,30,79
2012-12-27,PAE,1,2,37,2,42,8,0,8,50
2010-10-23,PAE,1,12,98,1,112,105,12,117,229
2014-11-28,PAE,4,1,8,0,13,0,0,0,13
2012-02-02,PAE,17,3,193,0,213,303,0,303,516
2014-11-27,PAE,0,0,9,2,11,0,0,0,11
2012-12-25,PAE,0,0,3,0,3,0,0,0,3
2012-02-04,PAE,6,2,375,2,385,280,0,280,665
2014-12-04,PAE,25,6,60,2,93,86,0,86,179
2010-10-19,PAE,3,4,135,1,143,104,0,104,247
2014-12-11,PAE,11,3,14,0,28,51,0,51,79
2012-02-06,PAE,22,4,151,2,179,229,0,229,408
2010-10-15,PAE,21,6,185,0,212,131,0,131,343
2014-12-10,PAE,14,2,8,2,26,8,0,8,34
2012-12-22,PAE,1,3,61,0,65,139,10,149,214
2014-12-09,PAE,14,3,18,0,35,32,0,32,67
2010-10-16,PAE,3,4,385,0,392,206,0,206,598
2014-12-12,PAE,28,3,115,1,147,127,2,129,276
2014-12-08,PAE,31,0,60,0,91,125,0,125,216
2010-10-17,PAE,6,0,227,0,233,123,0,123,356
2014-12-07,PAE,7,0,311,0,318,237,0,237,555
2012-02-05,PAE,3,9,248,6,266,160,4,164,430
2014-12-06,PAE,7,0,73,0,80,34,0,34,114
2010-10-18,PAE,20,15,140,0,175,181,0,181,356
2012-12-24,PAE,0,2,26,0,28,32,0,32,60
2014-12-05,PAE,23,6,90,0,119,115,0,115,234
2012-12-23,PAE,1,3,107,2,113,143,0,143,256
2010-12-28,PAE,0,9,54,0,63,86,0,86,149
2010-11-15,PAE,16,10,14,0,40,0,0,0,40
2014-10-24,PAE,13,2,152,0,167,275,0,275,442
2013-01-30,PAE,3,4,27,0,34,0,0,0,34
2014-09-13,PAE,10,1,257,0,268,254,0,254,522
2010-12-13,PAE,12,6,47,1,66,38,0,38,104
2014-09-12,PAE,11,1,223,2,237,236,0,236,473
2010-12-14,PAE,14,6,32,3,55,23,0,23,78
2014-09-11,PAE,7,7,208,1,223,277,0,277,500
2013-01-31,PAE,10,4,65,2,81,64,0,64,145
2012-01-10,PAE,9,1,164,3,177,193,2,195,372
2014-09-10,PAE,9,4,151,1,165,178,35,213,378
2010-12-15,PAE,24,5,56,4,89,19,0,19,108
2014-09-09,PAE,8,7,133,0,148,221,20,241,389
2013-02-01,PAE,11,9,122,0,142,160,0,160,302
2010-12-16,PAE,16,7,95,2,120,162,2,164,284
2014-09-08,PAE,12,1,67,0,80,132,0,132,212
2012-01-09,PAE,24,6,49,2,81,32,2,34,115
2012-01-11,PAE,13,2,162,10,187,171,4,175,362
2014-09-07,PAE,3,1,231,3,238,268,0,268,506
2014-09-14,PAE,7,2,192,0,201,233,0,233,434
2014-09-15,PAE,12,0,126,0,138,223,0,223,361
2014-09-21,PAE,17,2,200,1,220,201,2,203,423
2012-01-13,PAE,43,11,143,7,204,237,4,241,445
2010-12-08,PAE,15,5,29,3,52,36,4,40,92
2014-09-20,PAE,11,2,205,0,218,176,0,176,394
2013-01-27,PAE,11,0,26,0,37,48,0,48,85
2014-09-19,PAE,15,8,142,7,172,181,0,181,353
2010-12-09,PAE,19,8,90,3,120,82,0,82,202
2014-09-18,PAE,19,0,53,0,72,37,0,37,109
2013-01-28,PAE,15,7,9,0,31,0,0,0,31
2010-12-10,PAE,30,7,106,2,145,93,0,93,238
2014-09-17,PAE,11,3,128,4,146,255,0,255,401
2012-01-12,PAE,1,4,139,7,151,179,18,197,348
2014-09-16,PAE,26,4,117,1,148,262,0,262,410
2010-12-11,PAE,8,0,108,0,116,111,0,111,227
2013-01-29,PAE,21,8,10,0,39,0,0,0,39
2010-12-12,PAE,7,0,28,0,35,0,0,0,35
2010-12-17,PAE,34,13,218,2,267,215,0,215,482
2013-02-02,PAE,3,1,72,0,76,32,0,32,108
2014-09-06,PAE,2,0,295,1,298,278,0,278,576
2014-08-28,PAE,6,9,190,0,205,162,0,162,367
2012-01-06,PAE,6,6,48,2,62,53,0,53,115
2010-12-24,PAE,6,8,22,4,40,1,0,1,41
2014-08-27,PAE,10,7,215,5,237,237,0,237,474
2013-02-07,PAE,20,3,159,0,182,225,0,225,407
2014-08-26,PAE,10,5,177,3,195,272,0,272,467
2010-12-25,PAE,0,0,30,1,31,11,0,11,42
2014-08-25,PAE,6,4,163,2,175,155,0,155,330
2012-01-05,PAE,18,0,65,6,89,40,0,40,129
2010-12-26,PAE,2,0,19,0,21,26,0,26,47
2014-08-24,PAE,9,4,240,2,255,176,0,176,431
2013-02-08,PAE,25,2,201,0,228,361,0,361,589
2014-08-23,PAE,1,0,444,0,445,185,1,186,631
2010-12-27,PAE,1,6,54,3,64,32,0,32,96
2014-08-22,PAE,23,7,234,1,265,120,0,120,385
2013-02-06,PAE,14,4,47,0,65,133,2,135,200
2010-12-23,PAE,3,4,34,4,45,30,0,30,75
2014-08-29,PAE,19,7,196,0,222,35,0,35,257
2014-08-30,PAE,2,3,131,2,138,242,0,242,380
2010-12-18,PAE,8,2,44,6,60,41,0,41,101
2014-09-05,PAE,3,6,259,2,270,227,0,227,497
2013-02-03,PAE,2,0,79,0,81,104,0,104,185
2014-09-04,PAE,12,3,214,5,234,256,0,256,490
2010-12-19,PAE,14,0,183,0,197,202,0,202,399
2012-01-08,PAE,6,4,229,0,239,144,2,146,385
2014-09-03,PAE,7,9,174,4,194,274,0,274,468
2010-12-07,PAE,11,5,68,0,84,40,0,40,124
2010-12-20,PAE,21,16,45,3,85,29,0,29,114
2013-02-04,PAE,19,1,152,3,175,183,0,183,358
2014-09-01,PAE,0,2,242,0,244,241,0,241,485
2010-12-21,PAE,12,10,136,2,160,179,0,179,339
2012-01-07,PAE,13,0,36,0,49,90,0,90,139
2014-08-31,PAE,4,3,224,1,232,121,0,121,353
2013-02-05,PAE,15,2,83,0,100,82,0,82,182
2010-12-22,PAE,17,7,102,0,126,80,0,80,206
2014-09-02,PAE,21,2,94,2,119,115,0,115,234
2014-09-22,PAE,15,0,90,2,107,195,0,195,302
2013-01-26,PAE,9,2,31,0,42,0,0,0,42
2014-09-23,PAE,15,2,100,0,117,122,37,159,276
2014-10-15,PAE,17,5,54,0,76,30,0,30,106
2013-01-16,PAE,25,4,118,4,151,232,2,234,385
2010-11-22,PAE,1,3,11,0,15,0,0,0,15
2014-10-14,PAE,14,7,135,3,159,206,10,216,375
2012-01-20,PAE,17,0,6,0,23,0,0,0,23
2014-10-13,PAE,14,2,61,0,77,108,0,108,185
2010-11-23,PAE,8,4,44,0,56,63,0,63,119
2013-01-17,PAE,16,4,52,3,75,51,0,51,126
2014-10-12,PAE,10,5,145,0,160,229,0,229,389
2010-11-24,PAE,12,11,78,0,101,106,0,106,207
2014-10-11,PAE,9,0,85,0,94,166,0,166,260
2012-01-19,PAE,0,0,1,0,1,0,0,0,1
2013-01-18,PAE,19,1,15,1,36,0,0,0,36
2014-10-10,PAE,2,1,50,0,53,57,0,57,110
2010-11-25,PAE,0,0,1,0,1,0,0,0,1
2010-11-21,PAE,5,3,53,1,62,97,0,97,159
2014-10-16,PAE,20,2,193,0,215,267,0,267,482
2013-01-15,PAE,9,2,122,0,133,160,0,160,293
2014-10-17,PAE,14,1,58,4,77,54,0,54,131
2013-01-12,PAE,7,0,256,0,263,218,0,218,481
2010-11-16,PAE,28,9,66,1,104,73,0,73,177
2014-10-23,PAE,15,0,78,0,93,111,0,111,204
2014-10-22,PAE,37,4,25,0,66,8,0,8,74
2010-11-17,PAE,18,4,20,0,42,0,0,0,42
2013-01-13,PAE,9,0,123,1,133,182,0,182,315
2014-10-21,PAE,19,0,57,2,78,24,0,24,102
2014-10-09,PAE,8,0,120,8,136,227,0,227,363
2012-01-22,PAE,11,1,10,2,24,12,0,12,36
2014-10-20,PAE,17,0,102,0,119,96,0,96,215
2013-01-14,PAE,18,6,46,7,77,56,0,56,133
2014-10-19,PAE,8,4,214,3,229,223,21,244,473
2010-11-19,PAE,28,17,80,0,125,134,0,134,259
2014-10-18,PAE,0,0,106,16,122,184,3,187,309
2012-01-21,PAE,36,0,17,0,53,44,0,44,97
2010-11-20,PAE,6,1,163,3,173,225,0,225,398
2010-11-18,PAE,13,6,27,0,46,70,0,70,116
2012-01-23,PAE,20,14,149,1,184,202,0,202,386
2010-11-26,PAE,1,10,51,0,62,53,0,53,115
2013-01-19,PAE,1,1,2,0,4,0,0,0,4
2014-09-29,PAE,12,1,19,0,32,0,0,0,32
2013-01-23,PAE,32,7,70,0,109,83,0,83,192
2014-09-28,PAE,5,0,117,1,123,181,0,181,304
2010-12-03,PAE,12,6,112,1,131,175,0,175,306
2012-01-15,PAE,2,0,6,0,8,0,0,0,8
2014-09-27,PAE,3,1,191,0,195,134,0,134,329
2013-01-24,PAE,6,4,128,4,142,141,0,141,283
2010-12-04,PAE,4,0,303,1,308,267,1,268,576
2014-09-26,PAE,20,8,77,2,107,35,0,35,142
2014-09-25,PAE,14,5,108,0,127,89,0,89,216
2010-12-05,PAE,13,1,198,0,212,220,0,220,432
2013-01-25,PAE,29,13,103,2,147,116,0,116,263
2014-09-24,PAE,9,2,62,0,73,93,0,93,166
2012-01-14,PAE,11,0,3,0,14,0,0,0,14
2010-12-06,PAE,22,4,122,0,148,112,0,112,260
2010-12-02,PAE,22,4,73,1,100,98,0,98,198
2014-09-30,PAE,25,3,106,1,135,151,0,151,286
2012-01-16,PAE,11,3,15,0,29,0,3,3,32
2010-12-01,PAE,18,9,94,2,123,115,2,117,240
2012-01-18,PAE,1,0,1,0,2,0,0,0,2
2014-10-07,PAE,10,0,11,1,22,0,0,0,22
2010-11-27,PAE,10,2,46,2,60,27,0,27,87
2014-10-06,PAE,15,0,148,0,163,207,0,207,370
2013-01-20,PAE,9,1,49,2,61,72,0,72,133
2010-11-28,PAE,7,2,120,2,131,135,0,135,266
2014-10-05,PAE,10,4,281,0,295,293,0,293,588
2014-10-08,PAE,9,13,81,5,108,58,0,58,166
2012-01-17,PAE,0,5,4,0,9,0,0,0,9
2010-11-29,PAE,6,12,68,2,88,67,0,67,155
2013-01-21,PAE,3,0,2,0,5,0,0,0,5
2014-10-03,PAE,18,3,244,0,265,299,0,299,564
2010-11-30,PAE,3,17,19,2,41,0,0,0,41
2014-10-02,PAE,8,2,215,3,228,228,0,228,456
2013-01-22,PAE,15,17,136,0,168,275,0,275,443
2014-10-01,PAE,24,2,144,1,171,279,0,279,450
2014-10-04,PAE,9,0,213,0,222,405,0,405,627
2011-11-27,PAE,3,0,37,0,40,0,0,0,40
2011-03-24,PAE,11,10,116,9,146,181,0,181,327
2014-04-14,PAE,11,9,132,0,152,122,0,122,274
2013-10-26,PAE,9,1,91,0,101,80,0,80,181
2011-07-16,PAE,4,1,94,0,99,105,0,105,204
2013-10-25,PAE,23,2,44,0,69,38,0,38,107
2011-10-07,PAE,11,7,75,0,93,158,0,158,251
2013-06-23,PAE,12,1,124,0,137,163,0,163,300
2013-10-24,PAE,24,6,3,0,33,0,0,0,33
2011-07-17,PAE,2,0,172,4,178,174,0,174,352
2013-10-23,PAE,20,2,173,1,196,220,0,220,416
2011-07-18,PAE,23,24,271,1,319,271,0,271,590
2013-10-22,PAE,4,0,3,0,7,0,0,0,7
2013-06-24,PAE,2,7,94,3,106,83,0,83,189
2011-10-06,PAE,12,6,90,4,112,155,0,155,267
2013-10-21,PAE,14,0,10,0,24,0,0,0,24
2011-07-19,PAE,16,3,44,7,70,1,0,1,71
2013-10-20,PAE,2,1,5,0,8,0,0,0,8
2013-06-22,PAE,13,3,334,0,350,135,0,135,485
2013-06-25,PAE,12,6,83,6,107,77,6,83,190
2011-07-15,PAE,16,4,239,3,262,245,0,245,507
2011-10-08,PAE,3,4,232,1,240,156,2,158,398
2013-11-03,PAE,9,0,197,0,206,232,0,232,438
2013-06-19,PAE,20,2,107,7,136,156,0,156,292
2013-11-02,PAE,6,0,5,0,11,2,0,2,13
2011-07-11,PAE,15,5,159,6,185,239,0,239,424
2013-11-01,PAE,16,2,178,0,196,252,0,252,448
2011-10-09,PAE,4,3,187,0,194,226,0,226,420
2011-07-12,PAE,16,2,202,0,220,219,0,219,439
2013-10-31,PAE,15,8,52,4,79,0,0,0,79
2013-06-20,PAE,4,6,48,0,58,0,0,0,58
2013-10-30,PAE,13,8,97,1,119,256,0,256,375
2011-07-13,PAE,10,9,127,2,148,161,0,161,309
2013-10-29,PAE,13,10,275,2,300,326,0,326,626
2013-06-21,PAE,12,1,182,5,200,137,0,137,337
2011-07-14,PAE,17,11,137,1,166,133,0,133,299
2013-10-28,PAE,14,5,197,2,218,253,0,253,471
2013-10-27,PAE,7,0,106,1,114,86,0,86,200
2011-07-20,PAE,16,2,148,1,167,224,0,224,391
2013-10-19,PAE,4,0,3,0,7,0,0,0,7
2011-10-05,PAE,13,2,69,4,88,47,0,47,135
2013-10-10,PAE,16,3,121,0,140,204,0,204,344
2013-10-09,PAE,27,5,202,0,234,370,0,370,604
2011-07-27,PAE,23,9,168,6,206,253,4,257,463
2013-06-30,PAE,8,1,269,0,278,123,7,130,408
2013-10-08,PAE,19,5,78,0,102,203,2,205,307
2011-10-02,PAE,6,6,201,0,213,173,2,175,388
2011-07-28,PAE,17,15,166,2,200,293,0,293,493
2013-10-07,PAE,20,8,24,0,52,56,0,56,108
2013-07-01,PAE,7,6,168,0,181,141,0,141,322
2013-10-06,PAE,0,0,217,0,217,186,0,186,403
2011-07-29,PAE,13,2,259,0,274,293,0,293,567
2013-10-05,PAE,0,0,287,2,289,230,0,230,519
2011-10-01,PAE,0,0,89,0,89,114,0,114,203
2011-07-30,PAE,21,4,291,1,317,217,1,218,535
2013-10-04,PAE,18,6,265,0,289,373,0,373,662
2011-07-26,PAE,30,2,118,0,150,149,0,149,299
2013-06-29,PAE,5,2,315,2,324,136,0,136,460
2013-10-11,PAE,10,9,63,0,82,167,0,167,249
2011-10-03,PAE,7,4,118,0,129,144,0,144,273
2013-10-18,PAE,5,3,182,0,190,239,0,239,429
2011-07-21,PAE,12,5,119,6,142,101,4,105,247
2013-06-26,PAE,3,8,110,4,125,94,0,94,219
2013-10-17,PAE,23,3,156,0,182,201,0,201,383
2011-07-22,PAE,41,12,247,7,307,326,0,326,633
2013-10-16,PAE,5,4,43,2,54,75,0,75,129
2013-06-27,PAE,18,6,133,1,158,146,0,146,304
2011-07-10,PAE,5,2,256,1,264,216,2,218,482
2013-10-15,PAE,17,13,171,0,201,163,0,163,364
2011-10-04,PAE,12,8,98,4,122,121,44,165,287
2013-10-14,PAE,11,3,184,0,198,179,0,179,377
2011-07-24,PAE,11,2,320,5,338,200,0,200,538
2013-10-13,PAE,6,0,135,1,142,171,0,171,313
2013-06-28,PAE,11,6,301,10,328,157,0,157,485
2013-10-12,PAE,3,0,140,0,143,141,0,141,284
2011-07-25,PAE,20,5,77,4,106,93,0,93,199
2011-07-23,PAE,14,7,376,0,397,255,0,255,652
2011-10-10,PAE,25,22,59,0,106,63,1,64,170
2013-11-04,PAE,11,2,142,0,155,288,0,288,443
2013-06-18,PAE,7,8,161,4,180,240,0,240,420
2013-11-27,PAE,29,9,219,0,257,292,4,296,553
2013-06-08,PAE,10,3,213,5,231,111,0,111,342
2013-11-26,PAE,29,9,124,1,163,193,0,193,356
2011-06-25,PAE,17,2,214,2,235,198,0,198,433
2013-11-25,PAE,19,3,168,0,190,199,0,199,389
2013-06-09,PAE,2,1,197,0,200,200,0,200,400
2011-06-26,PAE,15,5,387,1,408,379,0,379,787
2013-11-24,PAE,15,6,235,0,256,189,0,189,445
2011-10-16,PAE,19,2,128,0,149,41,0,41,190
2013-11-23,PAE,17,6,370,2,395,281,0,281,676
2011-06-27,PAE,11,2,193,2,208,297,0,297,505
2013-06-10,PAE,15,9,209,8,241,191,0,191,432
2013-11-22,PAE,21,3,222,0,246,217,0,217,463
2011-06-28,PAE,20,7,192,8,227,235,0,235,462
2013-11-21,PAE,26,1,159,7,193,268,2,270,463
2011-06-24,PAE,22,4,128,0,154,149,0,149,303
2011-10-17,PAE,32,3,199,2,236,179,0,179,415
2013-11-28,PAE,5,0,75,0,80,79,0,79,159
2011-06-23,PAE,12,4,132,0,148,215,0,215,363
2013-12-05,PAE,11,2,116,0,129,206,0,206,335
2011-06-19,PAE,10,3,181,0,194,46,0,46,240
2011-10-19,PAE,27,10,117,4,158,206,0,206,364
2013-12-04,PAE,13,6,169,2,190,308,0,308,498
2013-06-05,PAE,14,8,234,0,256,154,0,154,410
2011-06-20,PAE,19,5,218,3,245,158,8,166,411
2013-12-03,PAE,4,8,115,5,132,173,6,179,311
2011-10-15,PAE,9,6,185,0,200,162,0,162,362
2013-12-02,PAE,19,4,53,0,76,65,0,65,141
2013-06-06,PAE,14,13,207,6,240,219,0,219,459
2013-12-01,PAE,3,0,29,0,32,0,0,0,32
2011-10-18,PAE,13,16,196,7,232,232,6,238,470
2011-06-22,PAE,14,6,156,0,176,76,0,76,252
2013-11-30,PAE,10,2,78,0,90,151,0,151,241
2013-06-07,PAE,12,3,219,0,234,233,0,233,467
2013-11-29,PAE,3,3,44,0,50,100,0,100,150
2011-06-21,PAE,9,10,266,1,286,225,0,225,511
2013-07-02,PAE,6,6,167,0,179,161,0,161,340
2013-06-11,PAE,11,14,158,0,183,243,2,245,428
2011-06-29,PAE,11,5,114,2,132,81,0,81,213
2011-07-05,PAE,12,9,233,0,254,252,0,252,506
2011-10-12,PAE,7,10,122,2,141,211,0,211,352
2013-11-10,PAE,11,0,55,0,66,45,0,45,111
2011-07-06,PAE,10,2,236,2,250,332,6,338,588
2013-11-09,PAE,4,0,215,0,219,152,0,152,371
2013-06-16,PAE,7,0,250,0,257,135,0,135,392
2013-11-08,PAE,18,3,170,2,193,323,0,323,516
2011-07-07,PAE,17,2,70,2,91,0,0,0,91
2011-10-11,PAE,19,3,45,3,70,4,0,4,74
2013-11-07,PAE,16,2,19,0,37,0,0,0,37
2013-06-17,PAE,7,2,194,6,209,213,0,213,422
2011-07-08,PAE,18,6,219,0,243,256,0,256,499
2013-11-06,PAE,24,10,113,4,151,191,0,191,342
2013-11-05,PAE,12,8,23,10,53,0,0,0,53
2011-07-09,PAE,1,2,333,2,338,297,0,297,635
2013-11-11,PAE,28,4,221,0,253,288,0,288,541
2013-06-15,PAE,15,1,322,0,338,121,0,121,459
2013-11-12,PAE,19,3,55,2,79,122,0,122,201
2011-07-04,PAE,0,0,221,2,223,116,0,116,339
2013-11-19,PAE,16,8,63,0,87,108,0,108,195
2011-06-30,PAE,14,6,167,7,194,126,0,126,320
2013-11-18,PAE,15,4,11,0,30,0,0,0,30
2013-06-12,PAE,11,10,120,1,142,141,0,141,283
2011-10-14,PAE,12,1,169,0,182,302,0,302,484
2013-11-17,PAE,6,0,32,2,40,26,0,26,66
2011-07-01,PAE,11,3,334,1,349,306,0,306,655
2013-11-20,PAE,11,6,172,0,189,302,0,302,491
2013-11-16,PAE,10,0,198,0,208,466,2,468,676
2011-07-02,PAE,8,4,338,5,355,215,0,215,570
2013-11-15,PAE,16,4,22,0,42,12,0,12,54
2011-10-13,PAE,13,12,231,4,260,294,0,294,554
2013-11-14,PAE,26,2,60,2,90,75,0,75,165
2011-07-03,PAE,13,3,142,3,161,35,2,37,198
2013-06-14,PAE,21,2,190,0,213,184,0,184,397
2013-11-13,PAE,27,4,107,2,140,226,0,226,366
2013-06-13,PAE,13,11,116,3,143,156,2,158,301
2013-06-04,PAE,8,2,234,1,245,149,1,150,395
2013-10-03,PAE,9,4,189,3,205,293,0,293,498
2013-10-02,PAE,17,2,69,0,88,88,94,182,270
2013-07-21,PAE,6,0,213,0,219,175,0,175,394
2013-08-22,PAE,10,4,209,7,230,236,0,236,466
2011-08-28,PAE,3,2,312,0,317,263,6,269,586
2011-09-18,PAE,1,0,52,0,53,31,0,31,84
2013-08-21,PAE,18,6,183,4,211,271,0,271,482
2011-08-29,PAE,13,9,92,4,118,91,0,91,209
2013-08-20,PAE,5,8,197,0,210,233,0,233,443
2013-07-22,PAE,18,2,123,3,146,147,2,149,295
2013-08-19,PAE,5,8,135,0,148,177,0,177,325
2011-08-30,PAE,16,13,159,2,190,122,0,122,312
2011-09-17,PAE,8,2,102,1,113,108,0,108,221
2013-08-18,PAE,4,3,255,0,262,144,0,144,406
2013-07-23,PAE,8,2,194,4,208,229,0,229,437
2011-08-31,PAE,5,11,163,3,182,120,0,120,302
2013-08-17,PAE,9,2,238,2,251,166,0,166,417
2013-08-23,PAE,24,6,233,4,267,140,0,140,407
2013-08-16,PAE,17,4,193,0,214,144,0,144,358
2011-08-27,PAE,9,7,388,0,404,283,0,283,687
2013-07-20,PAE,7,0,195,0,202,188,0,188,390
2011-08-22,PAE,12,14,55,0,81,67,0,67,148
2013-08-30,PAE,13,3,288,3,307,143,2,145,452
2011-08-23,PAE,9,8,134,0,151,132,0,132,283
2013-08-29,PAE,16,4,93,0,113,72,0,72,185
2013-07-18,PAE,9,4,220,1,234,228,0,228,462
2011-09-20,PAE,15,11,204,4,234,229,0,229,463
2013-08-28,PAE,17,6,196,1,220,219,0,219,439
2011-08-24,PAE,8,12,208,4,232,223,8,231,463
2013-08-27,PAE,17,5,134,6,162,155,0,155,317
2013-07-19,PAE,6,7,250,0,263,158,0,158,421
2011-08-25,PAE,17,11,285,2,315,322,0,322,637
2013-08-26,PAE,5,4,149,2,160,122,4,126,286
2011-09-19,PAE,6,3,156,0,165,167,1,168,333
2013-08-25,PAE,9,5,231,7,252,115,0,115,367
2011-08-26,PAE,22,13,270,0,305,212,0,212,517
2013-08-24,PAE,5,3,190,2,200,88,0,88,288
2011-09-01,PAE,21,6,173,1,201,230,29,259,460
2013-07-24,PAE,7,5,171,3,186,223,3,226,412
2013-08-15,PAE,15,6,95,0,116,73,0,73,189
2013-07-28,PAE,11,2,165,0,178,113,0,113,291
2013-08-06,PAE,26,5,193,0,224,169,0,169,393
2011-09-08,PAE,15,9,181,3,208,217,4,221,429
2013-08-05,PAE,4,10,182,0,196,208,0,208,404
2011-09-13,PAE,15,4,140,4,163,228,0,228,391
2013-07-29,PAE,11,5,132,7,155,294,0,294,449
2013-08-04,PAE,7,5,226,0,238,236,0,236,474
2011-09-09,PAE,25,3,247,4,279,269,0,269,548
2013-08-03,PAE,10,0,164,2,176,74,0,74,250
2011-09-10,PAE,1,2,286,1,290,230,0,230,520
2013-08-02,PAE,10,6,55,1,72,0,0,0,72
2013-07-30,PAE,10,3,145,4,162,201,1,202,364
2011-09-12,PAE,11,5,120,2,138,226,0,226,364
2013-08-01,PAE,13,2,113,0,128,227,0,227,355
2011-09-11,PAE,3,3,261,3,270,196,0,196,466
2011-09-07,PAE,16,6,203,4,229,225,0,225,454
2013-08-07,PAE,14,4,202,0,220,200,0,200,420
2011-09-14,PAE,17,6,152,0,175,214,0,214,389
2013-08-08,PAE,20,10,179,3,212,95,4,99,311
2011-09-16,PAE,17,7,159,0,183,185,6,191,374
2011-09-02,PAE,8,6,271,2,287,153,0,153,440
2013-08-14,PAE,11,3,160,0,174,184,0,184,358
2013-07-25,PAE,18,5,225,1,249,192,0,192,441
2013-08-13,PAE,11,6,174,4,195,181,0,181,376
2011-09-03,PAE,4,1,413,2,420,436,0,436,856
2013-08-12,PAE,15,8,202,0,225,182,0,182,407
2013-08-31,PAE,3,5,418,1,427,238,0,238,665
2011-09-15,PAE,20,13,120,3,156,182,0,182,338
2013-08-11,PAE,3,1,195,0,199,133,0,133,332
2013-07-26,PAE,9,6,285,3,303,219,4,223,526
2013-08-10,PAE,4,1,148,0,153,80,0,80,233
2011-09-05,PAE,0,0,318,8,326,266,0,266,592
2013-08-09,PAE,14,3,201,7,225,125,0,125,350
2013-07-27,PAE,0,1,442,0,443,96,0,96,539
2011-09-06,PAE,3,9,199,7,218,119,0,119,337
2011-09-04,PAE,3,4,271,5,283,297,2,299,582
2013-07-17,PAE,7,18,125,0,150,202,0,202,352
2011-09-21,PAE,14,2,150,6,172,206,6,212,384
2013-09-01,PAE,1,1,248,0,250,279,1,280,530
2011-08-06,PAE,16,5,255,0,276,284,0,284,560
2013-09-23,PAE,19,3,43,0,65,57,0,57,122
2013-07-07,PAE,5,4,248,0,257,84,0,84,341
2011-08-07,PAE,4,1,229,0,234,214,0,214,448
2013-09-22,PAE,10,0,25,0,35,0,0,0,35
2011-09-27,PAE,12,5,113,3,133,161,0,161,294
2013-09-21,PAE,7,0,196,0,203,298,0,298,501
2011-08-08,PAE,33,5,223,4,265,169,0,169,434
2013-07-08,PAE,12,6,109,3,130,74,0,74,204
2013-09-20,PAE,13,7,254,1,275,283,0,283,558
2011-08-09,PAE,16,5,141,4,166,204,1,205,371
2013-09-19,PAE,14,12,211,0,237,350,0,350,587
2013-07-09,PAE,2,4,265,3,274,220,2,222,496
2013-09-18,PAE,12,7,200,5,224,354,6,360,584
2011-08-10,PAE,16,4,158,2,180,157,1,158,338
2013-09-24,PAE,2,4,108,4,118,184,0,184,302
2011-09-28,PAE,11,12,199,2,224,196,2,198,422
2013-07-06,PAE,5,3,276,1,285,127,0,127,412
2013-09-25,PAE,14,2,90,4,110,152,2,154,264
2013-07-03,PAE,6,7,260,4,277,247,0,247,524
2011-08-01,PAE,15,10,179,6,210,142,0,142,352
2013-10-01,PAE,11,3,58,0,72,114,0,114,186
2011-09-30,PAE,25,10,174,0,209,150,1,151,360
2013-09-30,PAE,18,4,35,2,59,48,0,48,107
2011-08-02,PAE,4,3,166,9,182,244,0,244,426
2013-07-04,PAE,0,1,175,0,176,176,0,176,352
2011-09-26,PAE,12,9,21,3,45,0,0,0,45
2013-09-29,PAE,7,0,14,0,21,0,0,0,21
2013-09-28,PAE,7,0,12,0,19,0,0,0,19
2011-09-29,PAE,14,4,258,0,276,291,0,291,567
2013-07-05,PAE,3,8,201,0,212,149,0,149,361
2013-09-27,PAE,13,4,49,4,70,35,0,35,105
2011-08-04,PAE,10,5,254,4,273,333,0,333,606
2013-09-26,PAE,11,2,217,3,233,404,0,404,637
2011-08-05,PAE,23,4,153,0,180,210,0,210,390
2011-08-03,PAE,17,4,223,0,244,186,4,190,434
2011-07-31,PAE,6,8,160,4,178,163,9,172,350
2013-09-17,PAE,19,6,143,0,168,285,0,285,453
2013-09-16,PAE,7,9,58,1,75,30,0,30,105
2011-08-17,PAE,12,8,287,6,313,230,2,232,545
2013-09-07,PAE,12,1,162,0,175,239,0,239,414
2013-07-14,PAE,10,0,283,0,293,162,0,162,455
2013-09-06,PAE,16,3,71,0,90,104,0,104,194
2011-08-18,PAE,8,11,226,7,252,290,0,290,542
2013-09-05,PAE,9,3,22,0,34,54,0,54,88
2013-07-15,PAE,9,7,177,0,193,143,0,143,336
2011-08-19,PAE,8,5,257,4,274,194,18,212,486
2013-09-04,PAE,8,4,75,2,89,182,0,182,271
2011-09-22,PAE,13,12,118,3,146,99,0,99,245
2013-09-03,PAE,13,10,108,0,131,296,0,296,427
2011-08-20,PAE,1,2,369,5,377,308,0,308,685
2013-07-16,PAE,9,6,167,1,183,204,0,204,387
2013-09-02,PAE,7,1,188,0,196,244,0,244,440
2011-08-21,PAE,0,3,290,3,296,221,0,221,517
2011-09-23,PAE,15,8,120,0,143,106,0,106,249
2013-09-08,PAE,10,0,205,1,216,180,0,180,396
2011-08-16,PAE,28,15,270,6,319,247,2,249,568
2013-09-09,PAE,2,3,162,0,167,211,0,211,378
2013-07-10,PAE,11,7,220,5,243,317,0,317,560
2013-09-15,PAE,12,0,22,0,34,0,0,0,34
2011-08-12,PAE,29,1,217,2,249,174,0,174,423
2011-09-25,PAE,14,8,63,0,85,12,0,12,97
2013-09-14,PAE,5,0,71,0,76,46,0,46,122
2013-07-11,PAE,2,4,171,2,179,339,0,339,518
2011-08-13,PAE,15,2,219,0,236,181,0,181,417
2011-08-11,PAE,11,8,177,0,196,166,0,166,362
2013-09-13,PAE,5,2,27,0,34,0,0,0,34
2011-08-14,PAE,8,2,187,0,197,139,0,139,336
2013-07-12,PAE,14,6,300,0,320,124,0,124,444
2013-09-11,PAE,7,5,197,0,209,276,0,276,485
2011-09-24,PAE,13,6,339,2,360,168,14,182,542
2011-08-15,PAE,16,8,139,2,165,291,0,291,456
2013-09-10,PAE,4,6,168,2,180,178,0,178,358
2013-07-13,PAE,3,3,237,3,246,83,0,83,329
2013-09-12,PAE,20,5,211,3,239,328,24,352,591
2013-12-06,PAE,10,3,118,0,131,176,6,182,313
2011-06-18,PAE,15,0,69,0,84,24,0,24,108
2013-12-07,PAE,11,0,230,2,243,241,0,241,484
2014-03-04,PAE,12,5,15,0,32,0,0,0,32
2013-04-26,PAE,8,8,237,0,253,303,0,303,556
2011-04-21,PAE,25,0,149,4,178,132,0,132,310
2014-03-03,PAE,12,6,25,2,45,21,0,21,66
2011-11-14,PAE,14,5,95,0,114,60,0,60,174
2014-03-02,PAE,17,0,8,0,25,0,0,0,25
2011-04-22,PAE,27,8,327,2,364,404,0,404,768
2013-04-27,PAE,11,2,88,5,106,67,0,67,173
2014-03-01,PAE,12,11,83,0,106,142,0,142,248
2011-04-23,PAE,12,8,445,1,466,446,0,446,912
2014-02-28,PAE,10,4,199,0,213,282,0,282,495
2013-04-28,PAE,10,1,74,0,85,116,0,116,201
2014-02-27,PAE,16,2,123,2,143,230,4,234,377
2011-04-24,PAE,4,1,78,4,87,40,0,40,127
2011-11-13,PAE,2,0,100,1,103,172,6,178,281
2011-04-20,PAE,6,6,220,0,232,154,2,156,388
2014-02-26,PAE,22,21,241,2,286,351,0,351,637
2014-03-05,PAE,10,11,40,1,62,106,6,112,174
2013-04-25,PAE,17,7,196,0,220,266,0,266,486
2014-03-12,PAE,15,18,254,3,290,274,40,314,604
2011-11-17,PAE,25,3,72,2,102,102,0,102,204
2014-03-11,PAE,6,4,199,1,210,269,0,269,479
2011-04-16,PAE,6,4,73,0,83,61,0,61,144
2013-04-23,PAE,8,8,281,1,298,244,11,255,553
2014-03-10,PAE,14,11,52,0,77,49,0,49,126
2011-04-17,PAE,7,1,205,2,215,247,2,249,464
2014-03-09,PAE,7,1,58,0,66,43,0,43,109
2011-11-16,PAE,26,12,36,0,74,10,0,10,84
2013-04-24,PAE,11,4,262,7,284,301,0,301,585
2014-03-08,PAE,10,0,57,0,67,78,0,78,145
2011-04-18,PAE,8,15,97,2,122,78,2,80,202
2014-03-07,PAE,13,5,182,0,200,226,0,226,426
2011-04-19,PAE,29,15,197,4,245,266,8,274,519
2014-03-06,PAE,33,2,31,0,66,27,0,27,93
2011-11-15,PAE,26,6,176,3,211,214,1,215,426
2011-04-25,PAE,7,24,39,0,70,0,0,0,70
2014-02-25,PAE,17,4,210,7,238,283,0,283,521
2013-04-29,PAE,8,4,78,5,95,102,2,104,199
2014-02-16,PAE,5,2,20,0,27,8,0,8,35
2013-05-03,PAE,13,4,238,5,260,357,8,365,625
2014-02-15,PAE,17,2,92,1,112,106,0,106,218
2011-05-02,PAE,22,18,53,0,93,37,0,37,130
2014-02-14,PAE,18,2,30,0,50,77,0,77,127
2013-05-04,PAE,5,3,332,0,340,153,0,153,493
2011-05-03,PAE,12,8,132,0,152,180,0,180,332
2014-02-13,PAE,20,1,109,0,130,151,0,151,281
2011-11-09,PAE,20,12,111,3,146,54,0,54,200
2014-02-12,PAE,14,0,56,0,70,33,0,33,103
2011-05-04,PAE,9,6,290,2,307,312,4,316,623
2013-05-05,PAE,7,0,314,1,322,196,0,196,518
2014-02-11,PAE,24,5,35,6,70,131,0,131,201
2011-05-05,PAE,15,6,41,2,64,57,0,57,121
2014-02-10,PAE,14,4,8,1,27,0,0,0,27
2011-05-01,PAE,8,1,371,2,382,311,0,311,693
2011-11-10,PAE,13,9,291,2,315,246,2,248,563
2014-02-17,PAE,10,3,29,0,42,39,0,39,81
2011-04-30,PAE,7,3,335,36,381,296,20,316,697
2014-02-24,PAE,11,4,3,0,18,0,0,0,18
2011-04-26,PAE,34,12,47,0,93,231,0,231,324
2011-11-12,PAE,3,7,79,2,91,16,0,16,107
2014-02-23,PAE,9,0,11,0,20,0,0,0,20
2013-04-30,PAE,13,2,187,0,202,307,0,307,509
2011-04-27,PAE,14,11,45,1,71,10,0,10,81
2014-02-22,PAE,9,2,9,0,20,0,0,0,20
2011-04-15,PAE,8,8,136,2,154,197,0,197,351
2014-02-21,PAE,17,4,122,5,148,251,2,253,401
2013-05-01,PAE,10,4,206,18,238,324,6,330,568
2014-02-20,PAE,25,10,109,0,144,232,0,232,376
2011-11-11,PAE,7,0,28,1,36,0,0,0,36
2011-04-29,PAE,17,8,156,9,190,150,0,150,340
2014-02-19,PAE,29,4,78,0,111,170,0,170,281
2013-05-02,PAE,12,6,189,0,207,207,0,207,414
2014-02-18,PAE,16,3,12,2,33,0,0,0,33
2011-04-28,PAE,12,5,63,0,80,104,18,122,202
2013-04-22,PAE,12,5,207,2,226,328,0,328,554
2014-03-13,PAE,16,4,122,0,142,267,32,299,441
2011-04-14,PAE,21,4,21,0,46,4,0,4,50
2014-04-05,PAE,3,2,50,1,56,18,0,18,74
2011-11-24,PAE,0,0,8,0,8,16,0,16,24
2013-04-12,PAE,17,3,96,0,116,99,0,99,215
2014-04-04,PAE,12,3,89,0,104,196,0,196,300
2011-03-31,PAE,11,7,35,12,65,3,0,3,68
2014-04-03,PAE,20,6,84,11,121,87,2,89,210
2011-04-01,PAE,5,3,36,0,44,0,0,0,44
2014-04-02,PAE,6,2,154,0,162,388,0,388,550
2013-04-13,PAE,10,1,27,0,38,32,0,32,70
2011-11-23,PAE,31,3,37,0,71,7,0,7,78
2014-04-01,PAE,9,5,156,2,172,190,0,190,362
2011-04-02,PAE,20,6,101,0,127,147,0,147,274
2014-03-31,PAE,15,11,219,2,247,307,0,307,554
2013-04-14,PAE,8,2,135,0,145,150,0,150,295
2011-04-03,PAE,6,5,227,4,242,254,0,254,496
2011-03-30,PAE,9,8,23,0,40,0,0,0,40
2014-04-06,PAE,5,4,148,9,166,289,0,289,455
2013-04-11,PAE,8,7,124,8,147,176,12,188,335
2011-03-29,PAE,14,5,81,6,106,78,0,78,184
2013-04-08,PAE,8,3,137,0,148,130,0,130,278
2014-04-13,PAE,6,1,283,2,292,217,0,217,509
2011-03-25,PAE,10,10,129,0,149,210,0,210,359
2014-04-12,PAE,8,0,258,1,267,134,0,134,401
2011-11-26,PAE,0,7,111,0,118,151,0,151,269
2011-03-26,PAE,8,0,179,0,187,216,0,216,403
2014-04-11,PAE,4,4,130,12,150,157,38,195,345
2014-03-30,PAE,7,2,100,3,112,145,0,145,257
2013-04-09,PAE,12,4,134,1,151,154,0,154,305
2011-03-27,PAE,7,1,92,0,100,98,0,98,198
2014-04-09,PAE,13,5,147,4,169,239,14,253,422
2013-04-10,PAE,10,2,36,0,48,96,0,96,144
2011-03-28,PAE,27,7,86,0,120,50,0,50,170
2014-04-08,PAE,16,9,50,3,78,150,0,150,228
2011-11-25,PAE,2,2,216,0,220,188,0,188,408
2014-04-07,PAE,24,7,200,2,233,307,0,307,540
2014-04-10,PAE,19,1,168,6,194,253,0,253,447
2011-11-08,PAE,15,6,153,2,176,203,0,203,379
2011-11-22,PAE,14,9,151,3,177,174,2,176,353
2011-04-04,PAE,15,3,19,0,37,10,0,10,47
2011-04-10,PAE,6,5,73,1,85,68,0,68,153
2013-04-19,PAE,6,2,41,0,49,0,0,0,49
2014-03-19,PAE,12,3,41,0,56,7,6,13,69
2011-11-19,PAE,7,2,284,2,295,239,0,239,534
2011-04-11,PAE,11,22,64,6,103,95,0,95,198
2014-03-18,PAE,18,32,81,0,131,273,0,273,404
2013-04-20,PAE,9,1,91,0,101,39,0,39,140
2014-03-17,PAE,12,5,117,0,134,167,0,167,301
2011-04-12,PAE,6,10,171,6,193,167,8,175,368
2014-03-16,PAE,6,1,22,0,29,0,0,0,29
2011-11-18,PAE,23,4,60,0,87,108,0,108,195
2011-04-13,PAE,10,4,52,8,74,12,0,12,86
2014-03-15,PAE,13,0,107,2,122,131,0,131,253
2013-04-21,PAE,4,0,130,0,134,229,0,229,363
2014-03-14,PAE,14,1,72,2,89,238,0,238,327
2014-03-20,PAE,10,2,147,0,159,293,0,293,452
2014-03-21,PAE,12,8,217,0,237,255,0,255,492
2011-04-09,PAE,7,3,198,0,208,194,0,194,402
2013-04-18,PAE,11,5,58,0,74,91,0,91,165
2013-04-15,PAE,6,6,80,4,96,187,0,187,283
2014-03-28,PAE,19,4,58,0,81,52,0,52,133
2011-04-05,PAE,17,6,73,0,96,67,0,67,163
2014-03-27,PAE,16,0,67,3,86,152,2,154,240
2013-04-16,PAE,5,7,207,3,222,169,0,169,391
2014-03-26,PAE,7,6,72,5,90,130,0,130,220
2011-04-06,PAE,19,3,42,1,65,37,0,37,102
2014-03-29,PAE,19,0,20,1,40,4,0,4,44
2011-11-21,PAE,26,5,18,0,49,0,0,0,49
2011-04-07,PAE,22,5,129,3,159,122,0,122,281
2014-03-24,PAE,10,3,139,5,157,191,0,191,348
2013-04-17,PAE,7,2,191,4,204,206,2,208,412
2014-03-23,PAE,8,0,276,2,286,355,0,355,641
2011-04-08,PAE,20,41,307,1,369,353,8,361,730
2011-11-20,PAE,3,0,239,0,242,250,0,250,492
2014-03-22,PAE,11,2,218,0,231,212,0,212,443
2014-03-25,PAE,19,2,63,0,84,68,0,68,152
2013-05-06,PAE,4,10,217,2,233,288,0,288,521
2014-02-09,PAE,2,7,17,0,26,6,0,6,32
2011-05-06,PAE,18,6,99,0,123,52,0,52,175
2013-12-29,PAE,4,0,22,0,26,0,0,0,26
2011-06-03,PAE,17,3,223,2,245,262,0,262,507
2013-05-25,PAE,12,3,117,3,135,76,0,76,211
2013-12-28,PAE,6,0,146,0,152,138,0,138,290
2011-10-26,PAE,6,15,81,1,103,124,0,124,227
2011-06-04,PAE,19,7,482,0,508,385,0,385,893
2013-12-27,PAE,1,4,50,2,57,49,0,49,106
2013-05-26,PAE,16,0,64,0,80,55,0,55,135
2013-12-26,PAE,5,3,122,0,130,153,0,153,283
2011-06-05,PAE,9,0,304,3,316,327,0,327,643
2013-12-25,PAE,0,0,44,0,44,39,0,39,83
2011-10-25,PAE,10,12,218,2,242,244,3,247,489
2011-06-06,PAE,12,8,223,3,246,182,0,182,428
2013-12-24,PAE,1,2,83,0,86,73,0,73,159
2013-05-27,PAE,1,0,114,0,115,72,18,90,205
2013-12-30,PAE,1,3,41,0,45,83,0,83,128
2011-06-02,PAE,12,6,81,3,102,47,0,47,149
2013-05-24,PAE,12,4,173,0,189,130,14,144,333
2013-12-31,PAE,0,1,29,0,30,0,0,0,30
2011-05-28,PAE,2,4,199,2,207,263,0,263,470
2013-05-21,PAE,7,6,37,0,50,0,0,0,50
2014-01-06,PAE,14,6,83,0,103,70,0,70,173
2011-05-29,PAE,6,0,174,2,182,205,0,205,387
2014-01-05,PAE,0,0,283,0,283,180,0,180,463
2013-05-22,PAE,4,5,46,5,60,20,0,20,80
2014-01-04,PAE,8,0,324,0,332,239,0,239,571
2013-12-23,PAE,15,8,22,5,50,21,0,21,71
2011-05-30,PAE,2,4,259,0,265,261,0,261,526
2014-01-03,PAE,19,2,92,1,114,191,0,191,305
2011-05-31,PAE,17,2,150,0,169,104,0,104,273
2014-01-02,PAE,3,2,65,1,71,66,0,66,137
2013-05-23,PAE,12,3,96,5,116,166,4,170,286
2014-01-01,PAE,0,1,116,1,118,88,0,88,206
2011-06-01,PAE,16,1,70,4,91,13,0,13,104
2011-10-27,PAE,19,30,250,1,300,256,0,256,556
2011-10-28,PAE,10,3,71,2,86,64,0,64,150
2014-01-07,PAE,8,3,13,2,26,0,0,0,26
2011-06-07,PAE,18,4,86,9,117,22,0,22,139
2013-05-28,PAE,10,5,99,5,119,36,0,36,155
2013-12-13,PAE,14,3,4,0,21,0,0,0,21
2013-06-01,PAE,5,2,241,1,249,188,0,188,437
2011-06-14,PAE,22,5,111,9,147,95,0,95,242
2013-12-12,PAE,18,3,78,2,101,75,0,75,176
2011-10-21,PAE,14,6,53,0,73,54,0,54,127
2013-12-11,PAE,10,11,118,2,141,164,0,164,305
2011-06-15,PAE,31,4,73,114,222,157,0,157,379
2013-06-02,PAE,12,2,243,0,257,207,0,207,464
2013-12-10,PAE,22,0,27,0,49,60,0,60,109
2011-06-16,PAE,18,5,200,1,224,308,0,308,532
2013-12-09,PAE,9,5,40,1,55,91,0,91,146
2013-06-03,PAE,5,7,202,2,216,232,4,236,452
2013-12-08,PAE,3,0,140,0,143,178,0,178,321
2011-06-17,PAE,2,9,268,1,280,217,0,217,497
2011-10-20,PAE,9,16,71,0,96,36,0,36,132
2011-06-13,PAE,8,17,83,5,113,127,2,129,242
2013-12-14,PAE,31,0,133,0,164,154,0,154,318
2011-10-22,PAE,12,0,13,0,25,3,0,3,28
2013-05-31,PAE,11,3,268,4,286,184,6,190,476
2011-06-08,PAE,5,8,143,0,156,109,0,109,265
2013-12-21,PAE,4,1,12,0,17,0,0,0,17
2011-10-24,PAE,30,10,140,3,183,147,0,147,330
2013-12-20,PAE,6,2,7,0,15,0,0,0,15
2011-06-09,PAE,28,3,184,5,220,242,0,242,462
2013-05-29,PAE,3,2,57,1,63,0,0,0,63
2013-12-19,PAE,11,7,151,0,169,202,0,202,371
2013-12-22,PAE,6,1,7,0,14,0,0,0,14
2011-06-10,PAE,15,3,98,9,125,38,0,38,163
2011-10-23,PAE,8,3,221,1,233,231,0,231,464
2013-05-30,PAE,20,7,105,0,132,140,0,140,272
2013-12-17,PAE,9,2,14,0,25,0,0,0,25
2011-06-11,PAE,18,1,229,6,254,212,0,212,466
2013-12-16,PAE,27,4,140,0,171,210,0,210,381
2011-06-12,PAE,15,1,223,2,241,203,0,203,444
2013-12-15,PAE,18,0,29,0,47,0,0,0,47
2013-12-18,PAE,24,5,57,19,105,116,0,116,221
2012-12-14,PAE,34,9,116,0,159,204,0,204,363
2011-10-29,PAE,3,6,274,0,283,264,0,264,547
2011-05-27,PAE,13,5,100,2,120,96,0,96,216
2011-05-12,PAE,16,10,183,2,211,125,0,125,336
2011-11-05,PAE,7,2,230,0,239,351,0,351,590
2014-01-30,PAE,20,6,53,2,81,120,0,120,201
2011-05-13,PAE,22,2,248,0,272,168,0,168,440
2014-01-29,PAE,14,4,13,0,31,0,0,0,31
2013-05-11,PAE,8,0,267,3,278,253,0,253,531
2014-01-28,PAE,8,5,47,0,60,78,0,78,138
2011-05-14,PAE,7,9,272,6,294,313,0,313,607
2011-11-04,PAE,2,7,133,0,142,99,2,101,243
2014-01-27,PAE,13,6,77,0,96,167,0,167,263
2013-05-12,PAE,2,0,89,4,95,59,0,59,154
2011-05-15,PAE,6,2,42,0,50,0,0,0,50
2014-01-26,PAE,19,0,141,1,161,146,0,146,307
2014-01-25,PAE,16,4,299,2,321,215,14,229,550
2011-05-16,PAE,21,10,61,0,92,44,0,44,136
2014-01-31,PAE,18,3,109,2,132,151,1,152,284
2013-05-10,PAE,13,9,293,0,315,356,0,356,671
2014-02-01,PAE,14,0,154,0,168,220,0,220,388
2011-05-11,PAE,18,6,54,0,78,33,0,33,111
2014-02-08,PAE,7,0,187,3,197,169,0,169,366
2011-05-07,PAE,10,0,114,2,126,99,0,99,225
2014-02-07,PAE,15,7,161,2,185,269,0,269,454
2013-05-07,PAE,7,7,145,8,167,229,2,231,398
2011-11-07,PAE,15,9,71,0,95,91,0,91,186
2014-02-06,PAE,16,2,124,2,144,196,0,196,340
2011-05-08,PAE,7,0,152,2,161,89,0,89,250
2013-05-13,PAE,11,7,52,2,72,33,0,33,105
2014-02-05,PAE,17,1,174,3,195,158,0,158,353
2011-05-09,PAE,9,6,166,0,181,255,0,255,436
2014-02-04,PAE,13,5,110,0,128,181,0,181,309
2011-11-06,PAE,13,4,288,0,305,134,0,134,439
2014-02-03,PAE,9,1,133,3,146,113,34,147,293
2011-05-10,PAE,18,8,172,3,201,147,0,147,348
2013-05-09,PAE,11,2,163,0,176,213,2,215,391
2014-02-02,PAE,6,1,121,1,129,98,0,98,227
2013-05-08,PAE,10,14,145,0,169,226,0,226,395
2014-01-08,PAE,15,4,9,6,34,0,0,0,34
2014-01-24,PAE,16,3,272,0,291,217,0,217,508
2011-05-17,PAE,32,4,176,6,218,180,0,180,398
2011-05-23,PAE,24,15,136,0,175,66,0,66,241
2014-01-14,PAE,19,6,87,0,112,30,0,30,142
2011-10-31,PAE,22,10,114,0,146,107,4,111,257
2013-05-18,PAE,16,6,480,4,506,298,0,298,804
2014-01-13,PAE,7,2,52,4,65,79,0,79,144
2011-05-24,PAE,10,19,236,6,271,234,8,242,513
2014-01-12,PAE,3,0,14,0,17,0,0,0,17
2011-05-25,PAE,12,5,89,1,107,16,0,16,123
2014-01-11,PAE,8,1,6,0,15,0,0,0,15
2013-05-19,PAE,9,1,130,0,140,148,0,148,288
2011-10-30,PAE,0,1,43,0,44,0,0,0,44
2014-01-10,PAE,24,6,35,4,69,14,0,14,83
2011-05-26,PAE,14,1,105,0,120,81,0,81,201
2014-01-09,PAE,21,4,31,0,56,55,0,55,111
2013-05-20,PAE,13,4,235,2,254,155,11,166,420
2014-01-15,PAE,15,4,143,0,162,136,0,136,298
2013-05-17,PAE,16,4,156,0,176,270,0,270,446
2011-05-22,PAE,3,1,115,0,119,51,0,51,170
2014-01-16,PAE,4,0,9,0,13,0,0,0,13
2014-01-23,PAE,17,0,83,0,100,176,0,176,276
2013-05-14,PAE,7,3,178,4,192,248,0,248,440
2014-01-22,PAE,9,5,25,0,39,0,0,0,39
2011-05-18,PAE,5,14,242,0,261,217,0,217,478
2014-01-21,PAE,21,2,185,0,208,128,0,128,336
2011-11-02,PAE,23,11,126,0,160,91,0,91,251
2011-05-19,PAE,20,17,258,3,298,229,4,233,531
2011-11-03,PAE,9,6,89,0,104,74,2,76,180
2014-01-20,PAE,17,0,108,3,128,170,3,173,301
2014-01-19,PAE,8,3,29,0,40,0,0,0,40
2011-05-20,PAE,26,6,254,0,286,237,0,237,523
2014-01-18,PAE,6,1,98,0,105,140,0,140,245
2013-05-16,PAE,12,3,148,1,164,178,0,178,342
2011-05-21,PAE,20,1,501,1,523,93,0,93,616
2014-01-17,PAE,6,1,5,0,12,0,0,0,12
2011-11-01,PAE,11,6,192,0,209,233,6,239,448
2013-05-15,PAE,11,2,119,2,134,146,9,155,289
2014-12-28,PAE,2,1,41,0,44,26,0,26,70
2010-11-06,PAE,14,0,66,0,80,0,0,0,80
2015-07-23,PAE,20,9,201,3,233,252,1,253,486
2010-04-21,PAE,12,9,87,1,109,20,0,20,129
2012-08-26,PAE,6,0,230,4,240,219,0,219,459
2015-09-01,PAE,19,8,57,3,87,55,0,55,142
2010-04-22,PAE,14,4,191,4,213,190,0,190,403
2015-08-31,PAE,8,6,30,10,54,44,0,44,98
2012-04-24,PAE,13,2,32,4,51,83,0,83,134
2015-09-02,PAE,8,3,120,13,144,150,0,150,294
2012-08-27,PAE,19,5,129,4,157,124,0,124,281
2010-04-23,PAE,17,1,216,2,236,123,0,123,359
2015-08-29,PAE,10,2,4,7,23,0,0,0,23
2010-04-24,PAE,12,0,125,2,139,171,0,171,310
2015-08-28,PAE,14,2,118,2,136,139,0,139,275
2012-08-28,PAE,13,3,143,4,163,263,0,263,426
2012-04-23,PAE,10,5,193,1,209,163,0,163,372
2015-08-30,PAE,6,6,75,0,87,6,0,6,93
2012-04-25,PAE,9,11,54,1,75,61,0,61,136
2015-09-03,PAE,14,3,121,1,139,173,0,173,312
2010-04-20,PAE,6,4,52,0,62,0,0,0,62
2012-04-27,PAE,20,9,130,1,160,155,0,155,315
2010-04-16,PAE,9,13,242,11,275,210,0,210,485
2015-09-09,PAE,16,4,225,13,258,124,0,124,382
2012-08-23,PAE,19,3,153,1,176,247,0,247,423
2015-09-08,PAE,12,0,153,2,167,286,0,286,453
2010-04-17,PAE,1,1,184,1,187,179,0,179,366
2015-09-07,PAE,2,2,236,0,240,188,0,188,428
2012-04-26,PAE,18,17,48,4,87,32,0,32,119
2010-04-18,PAE,6,1,277,4,288,211,0,211,499
2015-09-06,PAE,4,4,70,0,78,57,0,57,135
2012-08-24,PAE,21,1,232,2,256,178,2,180,436
2015-09-05,PAE,7,2,369,0,378,353,0,353,731
2010-04-19,PAE,15,5,149,0,169,136,0,136,305
2015-09-04,PAE,10,7,168,0,185,135,0,135,320
2012-08-25,PAE,6,0,287,0,293,279,0,279,572
2015-08-27,PAE,14,10,211,9,244,241,0,241,485
2010-04-25,PAE,0,1,327,0,328,369,0,369,697
2015-08-26,PAE,6,4,209,6,225,165,0,165,390
2012-08-29,PAE,14,4,120,4,142,152,0,152,294
2012-04-20,PAE,11,6,83,4,104,152,0,152,256
2015-08-17,PAE,20,0,170,0,190,178,0,178,368
2012-09-02,PAE,0,0,200,0,200,158,0,158,358
2010-05-02,PAE,1,0,146,0,147,124,0,124,271
2015-08-16,PAE,3,6,244,0,253,220,0,220,473
2015-08-15,PAE,13,5,171,0,189,117,0,117,306
2010-05-03,PAE,24,5,42,2,73,18,0,18,91
2012-09-03,PAE,6,1,198,0,205,119,0,119,324
2015-08-14,PAE,8,17,21,0,46,0,0,0,46
2012-04-19,PAE,8,19,113,1,141,81,0,81,222
2010-05-04,PAE,27,12,115,0,154,96,0,96,250
2015-08-13,PAE,6,7,204,3,220,222,0,222,442
2012-09-04,PAE,12,9,142,1,164,128,0,128,292
2015-08-12,PAE,10,2,158,5,175,227,2,229,404
2010-05-05,PAE,18,5,75,0,98,46,0,46,144
2010-05-01,PAE,13,4,109,0,126,146,0,146,272
2015-09-10,PAE,13,5,183,7,208,165,0,165,373
2015-08-18,PAE,3,0,189,0,192,120,0,120,312
2015-08-19,PAE,7,5,201,5,218,152,0,152,370
2010-04-26,PAE,41,12,98,0,151,35,0,35,186
2015-08-25,PAE,23,4,234,4,265,265,1,266,531
2012-04-22,PAE,10,8,305,0,323,286,0,286,609
2015-08-24,PAE,13,7,158,0,178,233,0,233,411
2010-04-27,PAE,14,2,100,3,119,80,1,81,200
2012-08-30,PAE,10,5,213,0,228,219,0,219,447
2015-08-23,PAE,0,0,163,0,163,157,0,157,320
2010-04-28,PAE,25,11,91,2,129,93,0,93,222
2015-08-22,PAE,0,0,580,1,581,44,0,44,625
2012-08-31,PAE,16,4,228,1,249,228,0,228,477
2015-08-21,PAE,35,10,203,0,248,192,0,192,440
2010-04-29,PAE,12,7,147,6,172,170,2,172,344
2012-04-21,PAE,16,9,359,0,384,385,0,385,769
2015-08-20,PAE,11,6,134,0,151,189,0,189,340
2010-04-30,PAE,12,7,164,3,186,97,0,97,283
2012-09-01,PAE,1,3,318,0,322,276,0,276,598
2012-08-22,PAE,6,5,128,0,139,239,0,239,378
2010-04-15,PAE,3,12,185,7,207,178,0,178,385
2015-09-11,PAE,14,7,222,8,251,212,0,212,463
2010-03-31,PAE,13,24,143,1,181,245,0,245,426
2015-10-03,PAE,0,0,190,0,190,189,0,189,379
2012-08-12,PAE,9,1,266,6,282,277,0,277,559
2015-10-02,PAE,10,3,23,0,36,18,0,18,54
2010-04-01,PAE,3,6,115,5,129,107,1,108,237
2015-10-01,PAE,5,3,149,4,161,187,0,187,348
2012-08-13,PAE,22,4,150,3,179,251,0,251,430
2010-04-02,PAE,6,3,17,0,26,0,0,0,26
2015-09-30,PAE,11,6,116,3,136,138,0,138,274
2012-05-03,PAE,8,3,58,2,71,8,0,8,79
2015-09-29,PAE,12,5,224,0,241,269,0,269,510
2010-04-03,PAE,2,2,48,0,52,55,0,55,107
2012-08-14,PAE,14,3,117,0,134,222,0,222,356
2015-09-28,PAE,9,3,125,3,140,150,0,150,290
2010-04-04,PAE,1,1,68,1,71,25,0,25,96
2012-05-04,PAE,9,3,73,0,85,72,0,72,157
2015-09-27,PAE,10,3,269,5,287,260,0,260,547
2015-10-04,PAE,0,0,246,0,246,219,0,219,465
2015-10-05,PAE,12,6,190,1,209,177,0,177,386
2015-10-11,PAE,5,4,207,0,216,305,0,305,521
2010-03-26,PAE,11,2,91,0,104,129,0,129,233
2012-05-06,PAE,6,3,230,0,239,190,0,190,429
2015-10-10,PAE,4,2,14,0,20,0,0,0,20
2012-08-09,PAE,2,2,210,0,214,276,0,276,490
2010-03-27,PAE,0,2,349,1,352,298,0,298,650
2015-10-09,PAE,10,13,55,0,78,52,0,52,130
2015-10-08,PAE,4,2,166,3,175,192,0,192,367
2010-03-28,PAE,2,0,54,0,56,29,0,29,85
2012-08-10,PAE,16,4,262,5,287,296,2,298,585
2015-10-07,PAE,3,4,43,5,55,0,0,0,55
2012-05-05,PAE,4,4,203,0,211,203,0,203,414
2010-03-29,PAE,13,6,9,4,32,1,0,1,33
2015-10-06,PAE,19,5,210,2,236,160,2,162,398
2012-08-11,PAE,8,5,234,20,267,332,0,332,599
2010-03-30,PAE,16,8,58,4,86,39,0,39,125
2015-08-11,PAE,7,3,171,4,185,173,9,182,367
2012-05-02,PAE,9,4,129,2,144,179,4,183,327
2015-09-26,PAE,9,0,204,1,214,244,0,244,458
2012-08-19,PAE,5,0,184,2,191,273,0,273,464
2015-09-17,PAE,12,8,82,2,104,74,0,74,178
2010-04-11,PAE,2,0,251,0,253,214,0,214,467
2012-04-29,PAE,7,2,135,0,144,131,0,131,275
2015-09-16,PAE,13,3,171,5,192,230,2,232,424
2010-04-12,PAE,11,12,79,8,110,144,0,144,254
2015-09-15,PAE,11,6,110,0,127,190,0,190,317
2012-08-20,PAE,6,16,180,10,212,189,0,189,401
2015-09-14,PAE,14,9,115,13,151,105,0,105,256
2010-04-13,PAE,14,11,92,2,119,82,4,86,205
2012-04-28,PAE,8,0,259,2,269,352,0,352,621
2015-09-13,PAE,7,1,132,0,140,93,0,93,233
2012-08-21,PAE,13,1,117,1,132,183,5,188,320
2010-04-14,PAE,15,2,222,2,241,257,17,274,515
2015-09-12,PAE,8,4,255,0,267,186,0,186,453
2015-09-18,PAE,15,5,127,0,147,83,0,83,230
2012-08-15,PAE,6,3,219,0,228,176,0,176,404
2010-04-10,PAE,15,4,283,2,304,267,0,267,571
2012-08-18,PAE,13,2,139,1,155,103,0,103,258
2010-04-05,PAE,21,15,118,2,156,140,0,140,296
2015-09-25,PAE,6,3,88,6,103,124,0,124,227
2010-04-06,PAE,10,3,134,2,149,210,0,210,359
2015-09-24,PAE,21,2,148,2,173,223,0,223,396
2012-08-16,PAE,15,6,175,3,199,170,0,170,369
2012-05-01,PAE,3,2,71,1,77,114,0,114,191
2015-09-23,PAE,6,13,213,0,232,254,0,254,486
2010-04-07,PAE,7,11,120,6,144,104,2,106,250
2015-09-22,PAE,19,6,211,2,238,269,0,269,507
2012-08-17,PAE,7,3,206,0,216,180,0,180,396
2010-04-08,PAE,3,9,46,0,58,49,0,49,107
2015-09-21,PAE,9,6,213,3,231,203,0,203,434
2012-04-30,PAE,20,2,21,4,47,0,0,0,47
2015-09-20,PAE,5,8,35,0,48,9,0,9,57
2010-04-09,PAE,30,12,172,5,219,177,0,177,396
2015-09-19,PAE,18,2,111,0,131,119,0,119,250
2012-04-18,PAE,15,6,113,1,135,49,0,49,184
2010-05-06,PAE,15,8,197,2,222,174,1,175,397
2015-08-10,PAE,2,2,156,3,163,213,0,213,376
2015-07-01,PAE,5,4,229,1,239,232,0,232,471
2010-06-02,PAE,13,6,41,2,62,10,0,10,72
2012-09-23,PAE,10,0,224,7,241,227,2,229,470
2015-06-30,PAE,12,3,205,3,223,213,0,213,436
2010-06-03,PAE,6,3,190,0,199,141,0,141,340
2015-06-29,PAE,19,2,164,4,189,207,2,209,398
2012-09-24,PAE,8,4,124,9,145,184,0,184,329
2015-06-28,PAE,5,0,150,1,156,46,0,46,202
2010-06-04,PAE,20,4,90,0,114,43,0,43,157
2012-04-05,PAE,5,2,120,5,132,98,0,98,230
2015-06-27,PAE,7,4,217,3,231,122,0,122,353
2010-06-05,PAE,4,0,425,3,432,284,0,284,716
2015-06-26,PAE,5,6,171,4,186,170,0,170,356
2012-09-25,PAE,9,2,77,0,88,98,0,98,186
2015-06-25,PAE,12,11,232,0,255,219,0,219,474
2012-04-06,PAE,23,8,147,3,181,210,0,210,391
2010-06-06,PAE,5,0,89,0,94,64,0,64,158
2015-07-02,PAE,7,1,217,0,225,154,0,154,379
2012-09-22,PAE,11,0,152,1,164,131,0,131,295
2015-07-09,PAE,6,2,148,0,156,377,0,377,533
2010-05-28,PAE,10,5,40,0,55,0,0,0,55
2015-07-08,PAE,17,4,260,4,285,249,0,249,534
2012-04-08,PAE,8,0,175,1,184,207,0,207,391
2012-09-20,PAE,10,2,148,0,160,127,0,127,287
2015-07-07,PAE,17,4,175,2,198,202,0,202,400
2010-05-29,PAE,1,0,42,0,43,0,0,0,43
2015-07-06,PAE,6,15,172,0,193,188,0,188,381
2010-05-30,PAE,0,0,141,0,141,301,0,301,442
2015-07-05,PAE,1,2,235,0,238,107,0,107,345
2012-09-21,PAE,9,2,66,0,77,14,0,14,91
2012-04-07,PAE,10,1,349,2,362,277,0,277,639
2015-07-04,PAE,2,1,136,0,139,89,0,89,228
2010-05-31,PAE,1,0,114,0,115,75,0,75,190
2015-07-03,PAE,2,0,233,0,235,151,0,151,386
2010-06-01,PAE,19,8,147,3,177,85,0,85,262
2012-09-19,PAE,14,3,116,0,133,266,0,266,399
2012-04-04,PAE,4,3,103,4,114,267,0,267,381
2012-09-26,PAE,21,2,128,4,155,111,0,111,266
2015-06-15,PAE,8,8,179,21,216,201,36,237,453
2012-09-30,PAE,5,0,219,0,224,127,0,127,351
2010-06-13,PAE,4,1,224,1,230,133,0,133,363
2015-06-14,PAE,1,3,250,3,257,223,8,231,488
2012-04-01,PAE,11,0,105,13,129,153,19,172,301
2015-06-13,PAE,6,2,261,0,269,292,0,292,561
2010-06-14,PAE,13,7,123,1,144,129,0,129,273
2012-10-01,PAE,12,5,138,0,155,163,0,163,318
2015-06-12,PAE,13,3,182,2,200,194,0,194,394
2010-06-15,PAE,0,5,100,0,105,152,0,152,257
2015-06-11,PAE,10,6,175,0,191,181,0,181,372
2012-03-31,PAE,4,3,42,1,50,25,0,25,75
2012-10-02,PAE,10,7,136,0,153,176,6,182,335
2015-06-10,PAE,22,2,183,5,212,212,2,214,426
2010-06-16,PAE,12,2,133,4,151,109,0,109,260
2010-06-12,PAE,3,1,347,1,352,220,0,220,572
2015-06-24,PAE,5,10,190,0,205,375,0,375,580
2015-06-16,PAE,31,7,176,3,217,210,0,210,427
2015-06-17,PAE,23,3,210,5,241,274,0,274,515
2010-06-07,PAE,8,13,94,0,115,85,0,85,200
2015-06-23,PAE,25,12,137,2,176,193,2,195,371
2015-06-22,PAE,14,16,183,6,219,141,0,141,360
2010-06-08,PAE,25,2,215,0,242,218,0,218,460
2012-09-27,PAE,19,1,178,1,199,235,0,235,434
2015-06-21,PAE,0,1,309,0,310,265,0,265,575
2012-04-03,PAE,19,7,51,0,77,22,0,22,99
2010-06-09,PAE,4,4,92,4,104,62,0,62,166
2015-06-20,PAE,4,3,380,1,388,203,0,203,591
2012-09-28,PAE,12,3,183,5,203,260,0,260,463
2015-06-19,PAE,19,2,180,2,203,80,0,80,283
2010-06-10,PAE,8,4,132,0,144,116,0,116,260
2015-06-18,PAE,12,6,199,2,219,238,0,238,457
2012-04-02,PAE,9,3,132,0,144,213,0,213,357
2010-06-11,PAE,27,4,186,1,218,88,0,88,306
2012-09-29,PAE,3,0,199,0,202,196,2,198,400
2012-08-08,PAE,13,2,179,1,195,240,0,240,435
2010-05-27,PAE,11,8,127,2,148,142,0,142,290
2012-04-09,PAE,14,8,196,2,220,182,0,182,402
2010-05-12,PAE,10,4,160,3,177,152,0,152,329
2015-08-01,PAE,9,4,246,0,259,225,0,225,484
2012-09-09,PAE,6,0,149,1,156,86,0,86,242
2012-04-15,PAE,6,2,261,2,271,308,0,308,579
2015-07-31,PAE,33,14,177,2,226,223,0,223,449
2010-05-13,PAE,22,3,191,1,217,152,1,153,370
2015-07-30,PAE,12,4,207,2,225,211,0,211,436
2012-09-10,PAE,13,5,103,4,125,178,0,178,303
2010-05-14,PAE,11,4,319,3,337,190,0,190,527
2015-07-29,PAE,17,7,214,0,238,287,0,287,525
2012-04-14,PAE,10,2,293,4,309,298,0,298,607
2015-07-28,PAE,13,1,206,0,220,248,0,248,468
2010-05-15,PAE,5,6,570,0,581,241,0,241,822
2012-09-11,PAE,4,1,138,2,145,245,0,245,390
2015-07-27,PAE,31,4,108,0,143,116,0,116,259
2015-08-02,PAE,5,2,236,4,247,179,0,179,426
2010-05-16,PAE,3,2,167,4,176,117,0,117,293
2010-05-11,PAE,10,10,188,3,211,154,0,154,365
2012-09-08,PAE,5,0,273,2,280,284,29,313,593
2012-09-05,PAE,6,10,206,0,222,306,3,309,531
2015-08-09,PAE,13,3,251,3,270,205,6,211,481
2010-05-07,PAE,13,4,221,0,238,269,9,278,516
2015-08-08,PAE,8,0,111,0,119,42,0,42,161
2012-09-06,PAE,9,3,172,0,184,209,0,209,393
2010-05-08,PAE,9,1,308,1,319,254,0,254,573
2015-08-07,PAE,4,5,229,1,239,226,0,226,465
2012-04-17,PAE,15,10,116,8,149,89,1,90,239
2015-08-06,PAE,15,4,203,2,224,238,2,240,464
2010-05-09,PAE,0,0,206,0,206,76,0,76,282
2012-09-07,PAE,13,4,229,0,246,191,0,191,437
2015-08-05,PAE,24,4,174,4,206,130,0,130,336
2010-05-10,PAE,10,13,92,1,116,77,0,77,193
2015-08-04,PAE,5,4,147,0,156,155,0,155,311
2012-04-16,PAE,28,6,45,3,82,0,0,0,82
2015-08-03,PAE,7,10,173,0,190,137,0,137,327
2015-07-10,PAE,21,6,192,1,220,204,1,205,425
2015-07-26,PAE,4,0,84,0,88,6,0,6,94
2015-07-25,PAE,7,3,103,5,118,153,0,153,271
2015-07-17,PAE,19,3,241,5,268,182,0,182,450
2012-09-16,PAE,13,1,197,1,212,238,0,238,450
2015-07-16,PAE,16,4,180,7,207,244,17,261,468
2010-05-23,PAE,4,1,126,1,132,166,20,186,318
2015-07-15,PAE,0,2,200,8,210,218,0,218,428
2012-04-10,PAE,19,3,153,0,175,91,0,91,266
2010-05-24,PAE,14,18,198,3,233,114,0,114,347
2015-07-14,PAE,7,5,224,2,238,264,0,264,502
2012-09-17,PAE,9,5,120,0,134,292,0,292,426
2015-07-13,PAE,14,16,161,3,194,225,0,225,419
2010-05-25,PAE,15,9,156,2,182,110,0,110,292
2015-07-12,PAE,4,0,180,1,185,337,1,338,523
2012-09-18,PAE,18,5,164,0,187,314,0,314,501
2010-05-26,PAE,7,10,32,0,49,0,0,0,49
2015-07-11,PAE,2,2,155,1,160,245,0,245,405
2010-05-22,PAE,0,4,179,1,184,215,0,215,399
2012-09-12,PAE,8,3,169,8,188,61,0,61,249
2012-04-11,PAE,14,8,196,2,220,182,0,182,402
2012-09-15,PAE,2,1,211,1,215,244,0,244,459
2010-05-17,PAE,13,12,128,20,173,91,0,91,264
2012-04-13,PAE,14,4,181,5,204,112,0,112,316
2015-07-24,PAE,16,9,105,1,131,43,0,43,174
2010-05-18,PAE,8,6,69,8,91,48,0,48,139
2010-10-03,PAE,6,4,111,0,121,279,0,279,400
2012-09-13,PAE,8,4,175,5,192,250,0,250,442
2015-07-22,PAE,7,8,116,5,136,245,0,245,381
2010-05-19,PAE,8,14,79,4,105,20,0,20,125
2012-04-12,PAE,5,9,124,10,148,160,2,162,310
2015-07-21,PAE,10,3,129,4,146,182,0,182,328
2012-09-14,PAE,12,3,217,2,234,238,0,238,472
2010-05-20,PAE,32,3,67,0,102,75,0,75,177
2015-07-20,PAE,22,6,122,7,157,74,0,74,231
2015-07-19,PAE,1,0,233,3,237,113,0,113,350
2010-05-21,PAE,15,8,175,1,199,196,0,196,395
2015-07-18,PAE,0,1,255,1,257,133,0,133,390
2015-06-09,PAE,6,3,206,12,227,193,0,193,420
2015-10-12,PAE,2,6,109,0,117,112,0,112,229
2015-10-13,PAE,7,3,103,0,113,161,0,161,274
2010-01-27,PAE,9,2,216,3,230,201,0,201,431
2012-07-01,PAE,3,1,121,0,125,146,6,152,277
2016-01-05,PAE,5,2,16,0,23,8,0,8,31
2010-01-28,PAE,10,9,157,0,176,144,0,144,320
2016-01-04,PAE,2,6,3,0,11,0,0,0,11
2012-07-02,PAE,23,4,133,1,161,190,0,190,351
2016-01-06,PAE,9,14,137,0,160,154,0,154,314
2016-01-03,PAE,1,2,92,0,95,88,0,88,183
2012-05-31,PAE,22,7,78,2,109,18,0,18,127
2016-01-02,PAE,3,4,252,0,259,176,0,176,435
2010-01-30,PAE,6,5,88,0,99,16,0,16,115
2016-01-01,PAE,0,2,176,1,179,131,0,131,310
2012-07-03,PAE,12,6,102,0,120,112,0,112,232
2015-12-31,PAE,1,0,213,0,214,216,0,216,430
2010-01-29,PAE,15,4,143,2,164,176,0,176,340
2012-06-01,PAE,0,4,63,0,67,82,0,82,149
2016-01-07,PAE,13,4,84,6,107,171,0,171,278
2010-01-26,PAE,15,13,192,2,222,228,0,228,450
2010-01-22,PAE,7,7,242,2,258,173,0,173,431
2016-01-13,PAE,32,2,35,0,69,2,0,2,71
2012-06-03,PAE,0,0,194,2,196,183,0,183,379
2012-06-28,PAE,26,3,212,0,241,176,0,176,417
2016-01-12,PAE,4,4,59,3,70,45,2,47,117
2010-01-23,PAE,5,10,123,1,139,60,0,60,199
2016-01-11,PAE,4,4,58,3,69,48,6,54,123
2010-01-24,PAE,3,7,81,0,91,226,1,227,318
2016-01-10,PAE,7,3,187,0,197,212,0,212,409
2012-06-29,PAE,14,7,110,2,133,135,0,135,268
2012-06-02,PAE,0,0,109,2,111,112,0,112,223
2016-01-09,PAE,14,5,299,0,318,225,0,225,543
2010-01-25,PAE,18,10,102,14,144,121,0,121,265
2016-01-08,PAE,23,7,124,2,156,113,0,113,269
2012-06-30,PAE,3,1,80,1,85,53,0,53,138
2010-01-31,PAE,0,6,78,0,84,0,0,0,84
2012-05-30,PAE,14,2,172,5,193,291,0,291,484
2015-12-30,PAE,0,2,213,0,215,213,0,213,428
2012-07-04,PAE,0,0,174,1,175,113,0,113,288
2015-12-21,PAE,5,2,22,0,29,28,0,28,57
2012-07-08,PAE,0,2,264,0,266,105,0,105,371
2010-02-07,PAE,3,0,53,0,56,4,0,4,60
2015-12-20,PAE,8,0,22,0,30,37,0,37,67
2012-05-27,PAE,1,0,118,1,120,148,8,156,276
2015-12-19,PAE,15,3,197,3,218,133,0,133,351
2010-02-08,PAE,5,5,135,0,145,106,0,106,251
2012-07-09,PAE,17,10,157,0,184,244,0,244,428
2015-12-18,PAE,24,3,42,0,69,25,0,25,94
2010-02-09,PAE,15,4,197,2,218,260,4,264,482
2015-12-17,PAE,11,5,13,0,29,0,0,0,29
2012-05-26,PAE,6,1,325,2,334,206,0,206,540
2012-07-10,PAE,10,2,142,0,154,185,0,185,339
2015-12-16,PAE,7,7,160,3,177,260,0,260,437
2010-02-10,PAE,13,10,74,1,98,35,0,35,133
2010-02-06,PAE,9,8,356,1,374,232,0,232,606
2016-01-14,PAE,6,9,180,14,209,237,1,238,447
2015-12-22,PAE,21,0,70,0,91,114,0,114,205
2015-12-23,PAE,12,9,9,2,32,0,0,0,32
2010-02-01,PAE,27,5,108,3,143,86,0,86,229
2015-12-29,PAE,1,1,130,4,136,108,0,108,244
2015-12-28,PAE,0,3,25,0,28,26,0,26,54
2010-02-02,PAE,28,16,148,0,192,121,0,121,313
2012-07-05,PAE,0,10,202,0,212,180,0,180,392
2015-12-27,PAE,0,2,7,0,9,0,0,0,9
2012-05-29,PAE,8,3,162,0,173,279,0,279,452
2010-02-03,PAE,18,8,119,2,147,96,0,96,243
2015-12-26,PAE,0,3,168,0,171,111,0,111,282
2012-07-06,PAE,0,2,283,0,285,241,0,241,526
2015-12-25,PAE,0,3,29,0,32,38,0,38,70
2010-02-04,PAE,4,5,193,5,207,97,0,97,304
2015-12-24,PAE,5,0,16,0,21,9,0,9,30
2012-05-28,PAE,0,0,167,2,169,160,0,160,329
2010-02-05,PAE,17,4,167,0,188,147,0,147,335
2012-07-07,PAE,0,0,241,0,241,259,0,259,500
2012-06-27,PAE,19,2,243,5,269,357,0,357,626
2010-01-21,PAE,9,7,133,2,151,170,0,170,321
2016-01-15,PAE,8,8,29,0,45,35,0,35,80
2016-02-06,PAE,4,1,120,0,125,214,0,214,339
2012-06-17,PAE,6,2,57,1,66,8,0,8,74
2012-06-10,PAE,5,1,212,7,225,198,0,198,423
2016-02-05,PAE,12,15,70,0,97,131,0,131,228
2010-01-07,PAE,2,9,172,1,184,236,0,236,420
2016-02-04,PAE,41,3,38,0,82,39,0,39,121
2012-06-18,PAE,10,3,106,0,119,73,0,73,192
2010-01-08,PAE,3,5,70,2,80,36,0,36,116
2016-02-03,PAE,8,5,63,4,80,116,24,140,220
2012-06-09,PAE,7,0,167,5,179,216,0,216,395
2016-02-02,PAE,25,4,282,6,317,198,10,208,525
2010-01-09,PAE,6,1,187,10,204,198,0,198,402
2012-06-19,PAE,25,2,93,0,120,53,0,53,173
2016-02-01,PAE,14,3,67,0,84,101,0,101,185
2010-01-10,PAE,3,0,232,0,235,356,0,356,591
2010-01-06,PAE,9,1,136,5,151,145,4,149,300
2016-01-31,PAE,15,1,103,0,119,142,0,142,261
2016-02-07,PAE,0,1,229,0,230,299,0,299,529
2016-02-08,PAE,6,3,219,0,228,171,0,171,399
2016-02-14,PAE,6,0,14,0,20,0,0,0,20
2010-01-01,PAE,2,6,7,0,15,4,0,4,19
2016-02-13,PAE,0,2,57,0,59,35,0,35,94
2012-06-14,PAE,10,6,135,5,156,141,0,141,297
2010-01-02,PAE,1,2,55,0,58,27,0,27,85
2016-02-12,PAE,18,4,36,0,58,13,0,13,71
2012-06-12,PAE,16,5,109,2,132,135,0,135,267
2016-02-11,PAE,21,13,90,0,124,133,0,133,257
2010-01-03,PAE,1,2,129,4,136,116,0,116,252
2012-06-15,PAE,12,10,304,2,328,230,0,230,558
2016-02-10,PAE,30,5,77,2,114,56,0,56,170
2010-01-04,PAE,1,5,16,0,22,6,0,6,28
2016-02-09,PAE,14,5,275,0,294,250,0,250,544
2012-06-11,PAE,12,2,209,5,228,273,0,273,501
2012-06-16,PAE,10,0,120,0,130,100,0,100,230
2010-01-05,PAE,5,5,19,0,29,0,0,0,29
2015-12-15,PAE,8,4,20,2,34,20,0,20,54
2012-06-20,PAE,22,5,269,7,303,312,1,313,616
2010-01-11,PAE,20,4,41,0,65,129,0,129,194
2012-06-24,PAE,9,0,217,2,228,284,0,284,512
2016-01-21,PAE,9,7,22,0,38,0,0,0,38
2010-01-17,PAE,2,0,95,0,97,116,0,116,213
2016-01-20,PAE,22,4,92,2,120,145,0,145,265
2012-06-05,PAE,12,9,44,4,69,47,0,47,116
2010-01-18,PAE,8,3,139,3,153,117,0,117,270
2016-01-19,PAE,17,3,108,0,128,162,0,162,290
2012-06-25,PAE,30,5,195,2,232,170,0,170,402
2016-01-18,PAE,10,7,157,3,177,169,7,176,353
2010-01-19,PAE,16,6,100,0,122,35,0,35,157
2016-01-17,PAE,12,1,49,0,62,80,0,80,142
2012-06-26,PAE,17,4,80,0,101,57,0,57,158
2010-01-20,PAE,8,10,157,4,179,160,0,160,339
2016-01-16,PAE,13,1,76,2,92,32,0,32,124
2012-06-04,PAE,26,7,42,0,75,95,0,95,170
2016-01-22,PAE,16,9,51,2,78,20,7,27,105
2016-01-30,PAE,11,1,114,4,130,177,0,177,307
2010-01-16,PAE,3,9,234,2,248,300,1,301,549
2016-01-23,PAE,14,0,18,0,32,6,0,6,38
2012-06-08,PAE,17,1,114,9,141,161,0,161,302
2016-01-29,PAE,16,8,33,2,59,58,0,58,117
2010-01-12,PAE,10,8,31,0,49,0,0,0,49
2016-01-28,PAE,6,3,27,2,38,12,0,12,50
2012-06-21,PAE,23,2,317,6,348,280,0,280,628
2016-01-27,PAE,20,1,64,3,88,107,2,109,197
2010-01-13,PAE,19,11,75,2,107,68,0,68,175
2012-06-07,PAE,16,5,59,8,88,26,0,26,114
2016-01-26,PAE,3,4,8,0,15,0,0,0,15
2012-06-22,PAE,13,8,75,6,102,21,24,45,147
2010-01-14,PAE,21,10,69,0,100,121,1,122,222
2016-01-25,PAE,13,1,178,4,196,184,0,184,380
2016-01-24,PAE,12,1,180,0,193,243,0,243,436
2010-01-15,PAE,9,8,11,2,30,0,0,0,30
2012-06-23,PAE,7,0,55,0,62,10,0,10,72
2012-06-06,PAE,25,6,201,12,244,389,16,405,649
2010-02-11,PAE,4,9,61,0,74,54,0,54,128
2015-12-14,PAE,5,6,181,1,193,183,4,187,380
2012-07-11,PAE,8,2,196,0,206,253,0,253,459
2010-03-10,PAE,13,5,103,4,125,72,0,72,197
2012-07-29,PAE,2,0,215,0,217,112,0,112,329
2015-11-03,PAE,6,1,142,3,152,160,0,160,312
2012-05-13,PAE,10,1,215,0,226,310,0,310,536
2010-03-11,PAE,6,8,7,0,21,7,0,7,28
2015-11-02,PAE,14,3,78,3,98,95,2,97,195
2012-07-30,PAE,8,4,154,0,166,185,0,185,351
2015-11-01,PAE,3,1,15,0,19,2,0,2,21
2010-03-12,PAE,14,2,35,1,52,4,0,4,56
2015-10-31,PAE,9,2,6,0,17,0,0,0,17
2012-05-12,PAE,2,3,291,1,297,230,2,232,529
2010-03-13,PAE,4,2,156,5,167,230,0,230,397
2015-10-30,PAE,19,3,30,0,52,58,0,58,110
2012-07-31,PAE,25,4,155,2,186,367,0,367,553
2015-10-29,PAE,14,5,73,0,92,84,0,84,176
2015-11-04,PAE,9,1,242,2,254,154,0,154,408
2010-03-14,PAE,4,1,263,3,271,216,0,216,487
2015-11-05,PAE,8,3,25,1,37,29,0,29,66
2012-07-28,PAE,5,1,194,0,200,201,1,202,402
2015-11-12,PAE,6,3,27,0,36,1,0,1,37
2010-03-05,PAE,3,6,189,1,199,165,0,165,364
2015-11-11,PAE,12,5,163,0,180,149,0,149,329
2012-07-26,PAE,3,5,237,2,247,249,0,249,496
2015-11-10,PAE,14,3,90,4,111,91,0,91,202
2010-03-06,PAE,3,1,380,0,384,373,0,373,757
2012-05-15,PAE,22,7,176,4,209,255,0,255,464
2015-11-09,PAE,18,7,50,0,75,39,0,39,114
2010-03-07,PAE,1,0,160,1,162,242,0,242,404
2015-11-08,PAE,15,5,84,0,104,132,0,132,236
2012-07-27,PAE,11,6,139,2,158,146,0,146,304
2015-11-07,PAE,15,3,29,9,56,27,0,27,83
2010-03-08,PAE,5,8,121,5,139,168,0,168,307
2012-05-14,PAE,16,8,162,2,188,226,0,226,414
2015-11-06,PAE,20,8,94,0,122,141,0,141,263
2010-03-09,PAE,23,6,147,2,178,140,0,140,318
2012-07-25,PAE,13,8,202,1,224,266,0,266,490
2015-10-28,PAE,1,2,50,10,63,53,0,53,116
2010-03-15,PAE,8,7,141,2,158,159,0,159,317
2015-10-19,PAE,7,6,77,0,90,52,0,52,142
2012-08-05,PAE,0,0,234,0,234,177,0,177,411
2010-03-21,PAE,8,1,77,0,86,20,0,20,106
2015-10-18,PAE,2,4,18,0,24,0,0,0,24
2012-05-08,PAE,9,5,116,10,140,162,0,162,302
2015-10-17,PAE,6,2,123,0,131,181,0,181,312
2010-03-22,PAE,13,7,102,0,122,64,0,64,186
2012-08-06,PAE,12,5,221,7,245,212,0,212,457
2015-10-16,PAE,17,15,206,2,240,269,0,269,509
2010-03-23,PAE,13,5,201,4,223,220,1,221,444
2015-10-15,PAE,18,7,278,3,306,170,5,175,481
2012-08-07,PAE,7,3,54,15,79,68,0,68,147
2015-10-14,PAE,18,3,105,2,128,197,0,197,325
2010-03-24,PAE,28,8,269,2,307,288,1,289,596
2012-05-07,PAE,12,3,253,4,272,280,0,280,552
2010-03-20,PAE,9,0,344,4,357,265,0,265,622
2012-08-01,PAE,14,1,216,0,231,203,8,211,442
2015-10-20,PAE,12,2,130,0,144,144,0,144,288
2012-08-04,PAE,0,0,247,3,250,137,0,137,387
2015-10-27,PAE,22,1,149,7,179,168,0,168,347
2012-05-11,PAE,7,4,303,0,314,289,0,289,603
2015-10-26,PAE,13,3,25,2,43,0,0,0,43
2010-03-16,PAE,7,8,60,2,77,102,0,102,179
2012-08-02,PAE,12,1,177,1,191,200,0,200,391
2015-10-25,PAE,8,0,146,0,154,210,0,210,364
2010-03-17,PAE,9,5,153,0,167,167,0,167,334
2015-10-24,PAE,7,0,154,0,161,196,0,196,357
2012-05-10,PAE,21,17,99,3,140,122,0,122,262
2012-08-03,PAE,0,2,236,2,240,126,0,126,366
2015-10-23,PAE,21,2,150,0,173,135,0,135,308
2010-03-18,PAE,15,4,187,3,209,198,0,198,407
2015-10-22,PAE,18,2,151,0,171,140,0,140,311
2010-03-19,PAE,23,15,268,7,313,230,0,230,543
2015-10-21,PAE,14,2,158,0,174,194,0,194,368
2012-05-09,PAE,14,2,131,1,148,138,0,138,286
2010-03-25,PAE,7,4,56,7,74,59,4,63,137
2010-03-04,PAE,17,7,140,0,164,196,0,196,360
2012-05-16,PAE,17,5,181,3,206,280,0,280,486
2010-02-17,PAE,13,6,166,0,185,114,0,114,299
2015-12-05,PAE,6,2,12,0,20,4,0,4,24
2012-07-15,PAE,2,3,115,0,120,75,0,75,195
2015-12-04,PAE,14,5,81,0,100,56,0,56,156
2010-02-18,PAE,12,7,256,1,276,351,0,351,627
2012-05-22,PAE,24,2,66,0,92,93,0,93,185
2015-12-03,PAE,7,2,17,0,26,0,0,0,26
2012-07-16,PAE,16,5,139,2,162,246,0,246,408
2010-02-19,PAE,10,6,345,2,363,226,0,226,589
2015-12-02,PAE,8,7,75,2,92,129,0,129,221
2015-12-01,PAE,16,11,136,2,165,90,0,90,255
2010-02-20,PAE,4,0,336,0,340,337,0,337,677
2012-07-17,PAE,12,3,208,15,238,260,19,279,517
2015-11-30,PAE,11,9,141,0,161,108,0,108,269
2012-05-21,PAE,25,3,40,0,68,0,0,0,68
2015-12-06,PAE,14,2,31,0,47,55,0,55,102
2010-02-21,PAE,1,0,344,2,347,359,5,364,711
2012-05-23,PAE,19,4,49,10,82,16,0,16,98
2015-12-07,PAE,15,3,24,4,46,0,0,0,46
2012-05-25,PAE,19,4,236,0,259,214,0,214,473
2015-12-13,PAE,7,2,56,0,65,32,0,32,97
2010-02-12,PAE,7,9,65,0,81,22,0,22,103
2015-12-12,PAE,10,2,17,0,29,18,0,18,47
2012-07-12,PAE,13,3,191,2,209,141,0,141,350
2010-02-13,PAE,2,0,143,4,149,189,0,189,338
2015-12-11,PAE,10,1,134,3,148,217,0,217,365
2012-05-24,PAE,22,9,145,5,181,188,4,192,373
2015-12-10,PAE,9,7,7,0,23,0,0,0,23
2010-02-14,PAE,4,4,95,0,103,151,0,151,254
2012-07-13,PAE,4,5,128,0,137,96,0,96,233
2015-12-09,PAE,13,2,115,0,130,114,0,114,244
2010-02-15,PAE,22,15,207,0,244,259,0,259,503
2015-12-08,PAE,9,8,5,0,22,0,0,0,22
2012-07-14,PAE,10,0,168,2,180,116,0,116,296
2010-02-16,PAE,5,5,67,1,78,69,0,69,147
2015-11-13,PAE,15,4,10,3,32,0,0,0,32
2015-11-29,PAE,3,5,134,5,147,100,0,100,247
2015-11-28,PAE,2,0,221,0,223,156,0,156,379
2012-05-18,PAE,16,8,135,0,159,186,0,186,345
2012-07-22,PAE,7,0,153,2,162,136,0,136,298
2015-11-19,PAE,6,3,118,0,127,99,0,99,226
2010-02-28,PAE,8,0,261,3,272,248,0,248,520
2015-11-18,PAE,25,3,141,2,171,120,0,120,291
2010-03-01,PAE,6,7,208,0,221,202,0,202,423
2015-11-17,PAE,4,0,2,0,6,0,0,0,6
2012-07-23,PAE,8,12,114,3,137,161,0,161,298
2012-05-17,PAE,26,7,156,19,208,225,0,225,433
2015-11-16,PAE,15,7,49,0,71,32,0,32,103
2010-03-02,PAE,19,8,127,7,161,153,0,153,314
2015-11-15,PAE,9,2,109,0,120,141,0,141,261
2012-07-24,PAE,11,41,136,2,190,109,0,109,299
2010-03-03,PAE,13,11,98,8,130,64,0,64,194
2015-11-14,PAE,6,3,11,0,20,0,0,0,20
2015-11-20,PAE,8,4,200,0,212,188,0,188,400
2012-07-18,PAE,22,2,126,5,155,201,0,201,356
2010-02-27,PAE,12,1,146,0,159,190,0,190,349
2012-07-21,PAE,8,2,587,0,597,278,0,278,875
2010-02-22,PAE,11,10,205,2,228,171,0,171,399
2015-11-27,PAE,1,0,156,0,157,133,0,133,290
2012-05-20,PAE,16,2,105,0,123,65,0,65,188
2010-02-23,PAE,22,8,142,2,174,151,0,151,325
2015-11-26,PAE,1,0,62,0,63,35,0,35,98
2012-07-19,PAE,12,6,242,4,264,190,0,190,454
2015-11-25,PAE,13,6,199,0,218,174,0,174,392
2010-02-24,PAE,9,10,59,2,80,15,0,15,95
2015-11-24,PAE,8,4,63,0,75,79,0,79,154
2012-07-20,PAE,8,6,73,0,87,50,0,50,137
2010-02-25,PAE,16,5,107,7,135,176,2,178,313
2015-11-23,PAE,25,0,56,0,81,70,0,70,151
2012-05-19,PAE,7,4,584,5,600,278,0,278,878
2015-11-22,PAE,5,3,336,0,344,247,0,247,591
2010-02-26,PAE,5,11,61,0,77,89,0,89,166
2015-11-21,PAE,5,2,370,0,377,264,0,264,641
2010-06-17,PAE,17,10,104,1,132,192,0,192,324
2013-07-31,PAE,24,1,94,2,121,143,0,143,264
2015-03-19,PAE,15,0,125,0,140,200,0,200,340
2010-07-29,PAE,4,9,131,4,148,243,1,244,392
2015-04-07,PAE,13,1,152,5,171,208,0,208,379
2012-03-12,PAE,22,4,5,0,31,0,0,0,31
2010-07-28,PAE,13,11,148,9,181,227,0,227,408
2015-02-03,PAE,16,8,37,2,63,49,0,49,112
2012-02-22,PAE,34,2,84,6,126,77,3,80,206
2015-04-08,PAE,16,0,231,9,256,157,1,158,414
2012-10-30,PAE,11,2,19,11,43,0,0,0,43
2010-09-09,PAE,7,8,151,3,169,146,0,146,315
2015-02-02,PAE,19,2,25,0,46,0,0,0,46
2015-04-09,PAE,22,3,251,8,284,351,0,351,635
2010-07-27,PAE,25,15,172,3,215,235,10,245,460
2012-11-28,PAE,13,11,103,0,127,108,0,108,235
2015-04-10,PAE,16,11,104,0,131,85,0,85,216
2012-10-29,PAE,8,5,32,0,45,28,0,28,73
2010-07-26,PAE,18,9,187,2,216,249,0,249,465
2015-04-11,PAE,3,1,81,0,85,133,0,133,218
2015-02-01,PAE,11,2,40,0,53,8,0,8,61
2012-03-13,PAE,9,1,21,0,31,6,0,6,37
2010-09-10,PAE,20,15,147,0,182,204,0,204,386
2015-04-12,PAE,5,0,173,0,178,158,0,158,336
2010-07-25,PAE,11,1,264,0,276,166,0,166,442
2015-01-31,PAE,13,3,16,0,32,0,0,0,32
2012-10-28,PAE,5,1,137,0,143,236,0,236,379
2015-04-13,PAE,10,4,33,0,47,18,0,18,65
2010-09-08,PAE,6,11,99,0,116,106,0,106,222
2012-11-29,PAE,14,6,37,2,59,68,0,68,127
2015-04-06,PAE,26,2,75,0,103,121,0,121,224
2015-02-04,PAE,3,0,97,5,105,168,35,203,308
2010-08-03,PAE,5,5,155,1,166,149,0,149,315
2015-03-30,PAE,3,5,89,5,102,161,0,161,263
2012-11-03,PAE,5,3,52,4,64,22,0,22,86
2015-02-07,PAE,16,0,8,0,24,0,0,0,24
2015-03-31,PAE,13,0,48,2,63,40,0,40,103
2010-08-02,PAE,14,6,172,0,192,252,0,252,444
2012-03-10,PAE,10,0,52,0,62,30,0,30,92
2015-04-01,PAE,11,2,115,2,130,119,0,119,249
2010-09-06,PAE,2,0,63,4,69,8,0,8,77
2012-11-02,PAE,18,3,73,1,95,34,0,34,129
2010-08-01,PAE,16,1,194,0,211,229,1,230,441
2012-11-26,PAE,13,6,172,0,191,141,0,141,332
2015-04-02,PAE,7,4,136,1,148,198,2,200,348
2015-02-06,PAE,16,0,17,0,33,0,0,0,33
2015-04-03,PAE,15,9,67,1,92,60,0,60,152
2012-02-23,PAE,9,6,212,5,232,346,2,348,580
2010-07-31,PAE,9,1,170,0,180,131,0,131,311
2012-11-01,PAE,23,4,95,7,129,84,0,84,213
2010-09-07,PAE,3,10,82,0,95,97,0,97,192
2015-02-05,PAE,18,4,14,1,37,44,0,44,81
2015-04-04,PAE,6,0,200,2,208,327,4,331,539
2012-03-11,PAE,12,0,69,0,81,36,0,36,117
2010-07-30,PAE,28,16,194,2,240,284,0,284,524
2015-04-05,PAE,1,0,171,0,172,181,0,181,353
2012-11-27,PAE,31,3,185,5,224,210,0,210,434
2012-10-31,PAE,16,15,38,5,74,78,0,78,152
2010-07-24,PAE,11,0,322,1,334,263,0,263,597
2010-09-11,PAE,10,1,286,1,298,306,0,306,604
2015-04-14,PAE,14,5,97,2,118,203,0,203,321
2012-10-24,PAE,9,4,77,2,92,121,2,123,215
2015-04-22,PAE,13,7,162,1,183,247,0,247,430
2010-09-14,PAE,6,6,119,0,131,228,0,228,359
2015-01-25,PAE,45,1,285,2,333,314,0,314,647
2010-07-18,PAE,1,4,199,0,204,169,0,169,373
2015-04-23,PAE,22,2,77,0,101,92,0,92,193
2010-09-15,PAE,9,4,134,3,150,152,0,152,302
2012-10-23,PAE,14,2,48,2,66,67,0,67,133
2015-04-24,PAE,9,0,52,5,66,65,3,68,134
2010-07-17,PAE,1,4,214,3,222,151,0,151,373
2012-03-17,PAE,17,0,59,0,76,102,0,102,178
2015-04-25,PAE,6,0,155,0,161,155,0,155,316
2015-01-24,PAE,3,1,72,0,76,11,0,11,87
2012-12-02,PAE,5,1,24,0,30,0,0,0,30
2012-02-19,PAE,9,0,116,0,125,135,0,135,260
2010-07-16,PAE,13,6,246,4,269,120,0,120,389
2015-01-23,PAE,21,0,9,0,30,0,0,0,30
2015-04-26,PAE,7,0,221,0,228,245,0,245,473
2012-10-22,PAE,15,4,39,0,58,63,0,63,121
2015-04-27,PAE,34,0,183,0,217,306,0,306,523
2010-09-16,PAE,5,5,62,0,72,89,0,89,161
2010-07-15,PAE,25,4,208,2,239,206,0,206,445
2012-03-18,PAE,4,0,39,0,43,27,0,27,70
2015-01-22,PAE,8,0,43,2,53,91,0,91,144
2015-04-28,PAE,13,12,51,2,78,75,0,75,153
2010-07-19,PAE,6,13,164,1,184,211,0,211,395
2015-04-21,PAE,21,2,90,2,115,199,0,199,314
2012-03-16,PAE,27,2,97,0,126,92,0,92,218
2015-01-26,PAE,16,2,111,2,131,136,0,136,267
2012-03-14,PAE,21,4,4,0,29,0,0,0,29
2015-01-30,PAE,21,5,171,0,197,239,0,239,436
2012-10-27,PAE,11,5,24,0,40,0,0,0,40
2012-02-21,PAE,13,10,25,2,50,4,0,4,54
2015-04-15,PAE,15,1,209,0,225,232,0,232,457
2010-07-23,PAE,52,8,242,1,303,241,0,241,544
2015-04-16,PAE,18,0,230,1,249,193,1,194,443
2015-01-29,PAE,21,5,182,4,212,254,12,266,478
2010-07-22,PAE,20,11,140,11,182,256,6,262,444
2010-09-12,PAE,5,0,118,0,123,91,0,91,214
2015-04-17,PAE,26,2,167,3,198,207,0,207,405
2012-11-30,PAE,22,3,33,4,62,0,0,0,62
2015-02-08,PAE,9,0,270,2,281,166,0,166,447
2012-10-26,PAE,18,9,56,1,84,84,0,84,168
2015-04-18,PAE,9,0,270,2,281,278,0,278,559
2015-01-28,PAE,12,7,114,3,136,146,0,146,282
2012-11-17,PAE,6,0,38,0,44,39,0,39,83
2010-09-13,PAE,2,14,143,1,160,261,0,261,421
2010-07-21,PAE,15,13,223,1,252,291,0,291,543
2015-04-19,PAE,11,2,284,2,299,297,0,297,596
2012-10-25,PAE,19,4,213,1,237,269,1,270,507
2015-01-27,PAE,24,3,30,2,59,13,0,13,72
2010-07-20,PAE,14,4,168,1,187,145,0,145,332
2015-04-20,PAE,7,11,189,8,215,261,0,261,476
2012-02-20,PAE,26,4,65,0,95,122,0,122,217
2012-12-01,PAE,10,0,37,7,54,36,0,36,90
2012-03-15,PAE,2,2,19,0,23,0,0,0,23
2010-09-05,PAE,4,1,242,0,247,206,0,206,453
2015-03-29,PAE,12,1,125,0,138,79,0,79,217
2012-03-09,PAE,8,7,65,0,80,75,0,75,155
2015-02-21,PAE,7,3,154,10,174,158,10,168,342
2015-03-07,PAE,13,0,277,1,291,184,1,185,476
2010-08-18,PAE,14,11,200,3,228,225,1,226,454
2012-11-13,PAE,21,6,38,2,67,10,0,10,77
2015-03-08,PAE,3,0,239,0,242,323,0,323,565
2010-08-28,PAE,20,2,255,0,277,178,0,178,455
2015-02-20,PAE,14,3,74,4,95,125,0,125,220
2012-03-03,PAE,6,0,84,4,94,76,0,76,170
2010-08-17,PAE,8,25,116,0,149,48,0,48,197
2015-03-09,PAE,6,0,104,2,112,141,0,141,253
2012-11-20,PAE,14,3,39,0,56,88,0,88,144
2012-11-12,PAE,13,0,35,0,48,4,0,4,52
2012-02-27,PAE,26,4,259,12,301,316,0,316,617
2015-03-10,PAE,7,0,113,5,125,188,0,188,313
2010-08-16,PAE,18,11,158,0,187,253,0,253,440
2015-02-19,PAE,9,2,39,2,52,0,0,0,52
2010-08-29,PAE,3,0,168,2,173,162,0,162,335
2015-03-11,PAE,15,0,75,0,90,169,0,169,259
2012-03-04,PAE,7,0,130,0,137,250,0,250,387
2010-08-15,PAE,3,4,226,0,233,257,0,257,490
2015-03-12,PAE,11,0,144,1,156,251,1,252,408
2012-11-11,PAE,4,0,73,2,79,90,4,94,173
2015-02-18,PAE,19,4,110,2,135,89,12,101,236
2015-03-13,PAE,17,0,206,3,226,253,0,253,479
2012-11-21,PAE,18,6,23,1,48,4,0,4,52
2010-08-27,PAE,23,5,187,1,216,229,0,229,445
2015-03-06,PAE,20,0,173,0,193,249,0,249,442
2015-02-22,PAE,7,3,249,2,261,227,0,227,488
2010-08-19,PAE,14,13,145,3,175,216,1,217,392
2015-02-27,PAE,18,4,32,0,54,107,0,107,161
2015-02-26,PAE,14,4,50,0,68,55,0,55,123
2012-02-29,PAE,5,2,11,3,21,0,0,0,21
2010-08-23,PAE,12,26,214,3,255,190,0,190,445
2015-02-28,PAE,6,3,287,0,296,255,0,255,551
2015-02-25,PAE,10,3,55,1,69,69,0,69,138
2010-08-25,PAE,6,4,260,0,270,221,1,222,492
2012-11-16,PAE,15,8,138,1,162,131,0,131,293
2015-03-01,PAE,5,2,231,0,238,154,0,154,392
2010-08-22,PAE,5,0,108,5,118,87,0,87,205
2012-11-18,PAE,5,0,7,1,13,6,0,6,19
2012-03-01,PAE,12,7,26,0,45,12,2,14,59
2010-08-30,PAE,5,11,191,1,208,234,0,234,442
2015-03-02,PAE,5,1,68,0,74,129,2,131,205
2010-08-26,PAE,13,4,89,2,108,30,1,31,139
2010-08-21,PAE,12,0,180,2,194,190,2,192,386
2015-03-03,PAE,15,1,181,0,197,179,0,179,376
2012-11-15,PAE,16,5,170,1,192,147,1,148,340
2015-03-04,PAE,5,2,182,0,189,158,0,158,347
2015-02-23,PAE,15,2,185,0,202,266,0,266,468
2012-02-28,PAE,7,2,89,0,98,127,0,127,225
2010-08-20,PAE,15,7,253,0,275,137,0,137,412
2012-03-02,PAE,11,7,32,2,52,104,0,104,156
2012-11-19,PAE,7,3,6,0,16,0,0,0,16
2015-03-05,PAE,12,0,187,2,201,281,18,299,500
2012-11-14,PAE,10,1,73,0,84,77,0,77,161
2015-02-24,PAE,29,2,207,2,240,228,0,228,468
2012-10-21,PAE,5,0,93,0,98,138,0,138,236
2015-02-17,PAE,11,2,182,0,195,225,0,225,420
2015-03-14,PAE,4,0,37,0,41,55,0,55,96
2015-03-22,PAE,4,1,171,1,177,259,0,259,436
2010-08-08,PAE,1,1,75,0,77,56,0,56,133
2015-03-23,PAE,15,3,57,3,78,46,0,46,124
2012-11-06,PAE,8,2,54,2,66,64,0,64,130
2015-02-12,PAE,19,9,141,3,172,224,0,224,396
2010-08-07,PAE,2,8,79,4,93,21,2,23,116
2010-09-03,PAE,12,7,324,1,344,222,0,222,566
2015-03-24,PAE,25,6,123,0,154,161,0,161,315
2015-02-11,PAE,22,6,163,0,191,168,0,168,359
2012-03-08,PAE,19,6,256,14,295,282,1,283,578
2015-03-25,PAE,12,2,68,0,82,39,0,39,121
2012-11-24,PAE,2,0,162,0,164,154,0,154,318
2010-08-06,PAE,4,5,130,2,141,194,0,194,335
2012-11-05,PAE,6,8,171,0,185,133,0,133,318
2015-03-26,PAE,4,2,240,0,246,335,0,335,581
2015-02-10,PAE,17,8,67,5,97,59,0,59,156
2010-08-05,PAE,15,5,197,3,220,232,4,236,456
2015-03-27,PAE,16,7,184,3,210,164,0,164,374
2010-09-04,PAE,4,0,180,0,184,241,0,241,425
2012-02-24,PAE,7,5,39,7,58,72,0,72,130
2015-02-09,PAE,11,0,64,4,79,133,0,133,212
2012-11-04,PAE,15,1,59,2,77,36,0,36,113
2015-03-28,PAE,8,4,192,0,204,234,0,234,438
2010-08-04,PAE,18,2,186,0,206,307,0,307,513
2012-11-25,PAE,8,0,229,0,237,149,0,149,386
2012-03-07,PAE,8,2,222,12,244,303,6,309,553
2012-02-25,PAE,2,0,37,1,40,87,0,87,127
2010-09-02,PAE,22,5,276,0,303,198,0,198,501
2012-11-07,PAE,21,5,151,6,183,202,4,206,389
2012-11-10,PAE,10,4,333,0,347,259,2,261,608
2010-08-13,PAE,11,3,221,0,235,234,0,234,469
2015-03-15,PAE,6,0,6,0,12,0,0,0,12
2012-03-05,PAE,11,4,26,1,42,48,2,50,92
2012-02-26,PAE,6,2,134,0,142,216,3,219,361
2015-02-16,PAE,10,3,198,0,211,173,0,173,384
2015-03-16,PAE,9,0,146,0,155,248,0,248,403
2010-08-12,PAE,11,7,192,1,211,189,0,189,400
2010-08-31,PAE,7,6,38,0,51,0,0,0,51
2012-11-09,PAE,15,20,204,2,241,299,2,301,542
2012-11-22,PAE,1,1,57,0,59,51,0,51,110
2015-02-15,PAE,7,0,272,8,287,199,0,199,486
2010-08-14,PAE,6,3,261,2,272,266,0,266,538
2015-03-17,PAE,20,8,122,1,151,229,12,241,392
2015-03-18,PAE,14,6,183,7,210,226,1,227,437
2012-03-06,PAE,17,0,222,3,242,234,1,235,477
2012-11-08,PAE,5,2,143,0,150,230,0,230,380
2010-09-01,PAE,13,10,133,8,164,106,0,106,270
2015-02-14,PAE,10,5,120,1,136,139,0,139,275
2015-06-08,PAE,7,4,159,4,174,213,0,213,387
2010-08-10,PAE,13,8,149,2,172,161,2,163,335
2015-03-20,PAE,19,4,91,2,116,70,1,71,187
2012-11-23,PAE,5,2,17,0,24,0,0,0,24
2015-02-13,PAE,8,2,126,0,136,140,0,140,276
2010-08-09,PAE,11,3,93,1,108,82,0,82,190
2015-03-21,PAE,11,2,44,2,59,30,0,30,89
2010-08-11,PAE,3,19,189,2,213,251,19,270,483
2010-07-14,PAE,20,5,248,3,276,285,0,285,561
2010-08-24,PAE,15,4,233,2,254,151,0,151,405
2015-04-29,PAE,14,8,135,0,157,144,0,144,301
2010-06-23,PAE,29,8,210,2,249,149,0,149,398
2012-12-07,PAE,22,2,29,2,55,39,0,39,94
2015-05-14,PAE,17,9,143,3,172,165,0,165,337
2012-10-14,PAE,2,0,22,0,24,20,0,20,44
2012-02-13,PAE,25,4,41,3,73,3,2,5,78
2012-03-23,PAE,21,5,311,2,339,366,1,367,706
2010-09-23,PAE,7,9,67,2,85,8,0,8,93
2015-01-12,PAE,15,1,80,2,98,78,0,78,176
2015-01-13,PAE,7,2,81,12,102,52,14,66,168
2015-05-15,PAE,17,7,227,3,254,166,1,167,421
2010-09-29,PAE,15,21,99,0,135,102,0,102,237
2010-07-03,PAE,2,0,217,3,222,236,0,236,458
2015-05-30,PAE,16,6,272,1,295,98,0,98,393
2012-10-07,PAE,5,0,220,0,225,214,0,214,439
2012-12-11,PAE,16,2,34,0,52,39,0,39,91
2015-05-16,PAE,9,4,307,0,320,170,0,170,490
2012-10-13,PAE,8,0,37,2,47,0,0,0,47
2010-07-02,PAE,10,5,188,3,206,190,0,190,396
2015-01-03,PAE,2,0,103,0,105,240,0,240,345
2010-07-04,PAE,0,0,100,1,101,125,0,125,226
2015-05-31,PAE,5,1,204,0,210,157,0,157,367
2015-05-13,PAE,35,9,90,3,137,2,0,2,139
2010-09-30,PAE,8,8,202,2,220,299,0,299,519
2015-06-02,PAE,19,0,84,0,103,134,0,134,237
2015-05-10,PAE,3,0,232,0,235,233,4,237,472
2010-07-06,PAE,10,6,163,1,180,114,0,114,294
2012-12-06,PAE,18,5,24,0,47,41,0,41,88
2015-05-11,PAE,13,4,94,0,111,177,0,177,288
2015-01-02,PAE,9,17,49,0,75,26,0,26,101
2012-03-22,PAE,20,9,91,7,127,155,0,155,282
2012-10-06,PAE,11,0,233,2,246,95,0,95,341
2015-06-01,PAE,12,4,33,0,49,38,0,38,87
2015-01-14,PAE,10,1,208,5,224,288,1,289,513
2010-06-27,PAE,5,0,262,1,268,229,0,229,497
2012-10-15,PAE,9,13,23,0,45,58,0,58,103
2015-05-12,PAE,13,10,88,2,113,230,0,230,343
2010-09-22,PAE,18,9,206,2,235,200,0,200,435
2010-07-05,PAE,2,6,244,0,252,160,0,160,412
2012-02-16,PAE,12,12,71,14,109,73,0,73,182
2010-06-22,PAE,4,9,252,0,265,209,0,209,474
2012-03-28,PAE,35,4,46,4,89,12,0,12,101
2015-01-04,PAE,3,0,10,0,13,16,0,16,29
2015-05-29,PAE,23,10,223,2,258,189,0,189,447
2015-05-17,PAE,9,1,156,1,167,269,0,269,436
2010-06-24,PAE,6,9,211,0,226,128,0,128,354
2015-05-26,PAE,27,17,153,1,198,91,0,91,289
2010-06-29,PAE,11,2,172,4,189,154,0,154,343
2012-12-09,PAE,6,2,37,0,45,14,0,14,59
2012-03-25,PAE,9,2,255,2,268,209,0,209,477
2015-01-08,PAE,16,1,62,0,79,138,0,138,217
2015-05-22,PAE,19,9,104,2,134,100,3,103,237
2010-09-26,PAE,14,0,66,0,80,24,0,24,104
2012-12-10,PAE,13,6,24,0,43,0,0,0,43
2010-06-26,PAE,6,0,261,2,269,164,0,164,433
2015-01-06,PAE,16,6,69,1,92,175,0,175,267
2010-06-28,PAE,6,18,141,0,165,122,0,122,287
2010-09-27,PAE,26,23,97,0,146,64,0,64,210
2015-05-23,PAE,6,6,105,0,117,105,0,105,222
2012-10-10,PAE,12,3,54,6,75,8,0,8,83
2012-10-09,PAE,13,4,111,4,132,69,0,69,201
2015-01-07,PAE,6,3,113,1,123,250,0,250,373
2015-05-24,PAE,2,2,79,0,83,99,0,99,182
2015-05-25,PAE,0,2,151,8,161,126,0,126,287
2012-02-14,PAE,32,6,47,2,87,78,0,78,165
2015-05-21,PAE,23,17,216,4,260,212,0,212,472
2015-01-15,PAE,33,0,69,2,104,49,0,49,153
2012-10-11,PAE,13,7,58,2,80,0,0,0,80
2015-01-09,PAE,29,7,153,0,189,95,0,95,284
2015-01-11,PAE,4,0,7,1,12,0,0,0,12
2010-09-24,PAE,9,18,169,4,200,231,0,231,431
2012-12-08,PAE,14,0,56,0,70,0,0,0,70
2012-03-24,PAE,5,0,429,2,436,305,0,305,741
2012-03-27,PAE,20,3,110,0,133,115,0,115,248
2015-05-18,PAE,5,2,178,5,190,243,0,243,433
2010-07-01,PAE,13,3,114,1,131,178,0,178,309
2015-01-10,PAE,4,3,5,2,14,0,0,0,14
2015-05-28,PAE,10,6,278,2,296,258,0,258,554
2012-10-12,PAE,20,5,46,2,73,84,0,84,157
2010-09-28,PAE,20,11,88,5,124,81,0,81,205
2015-05-19,PAE,11,4,125,5,145,223,0,223,368
2012-02-15,PAE,11,6,230,6,253,241,17,258,511
2012-10-08,PAE,2,2,137,0,141,151,0,151,292
2010-06-25,PAE,14,10,152,3,179,99,0,99,278
2010-06-30,PAE,12,7,154,5,178,195,0,195,373
2010-09-25,PAE,1,0,343,4,348,337,0,337,685
2015-01-05,PAE,4,0,18,2,24,0,0,0,24
2015-05-20,PAE,11,3,129,7,150,208,0,208,358
2015-05-27,PAE,17,7,207,2,233,230,0,230,463
2012-10-16,PAE,16,6,91,0,113,138,0,138,251
2012-03-26,PAE,10,3,82,0,95,93,0,93,188
2010-07-07,PAE,5,7,204,5,221,227,4,231,452
2012-10-04,PAE,10,7,139,1,157,158,0,158,315
2012-10-19,PAE,5,7,7,0,19,0,0,0,19
2015-01-19,PAE,14,3,132,1,150,86,0,86,236
2012-12-13,PAE,23,12,143,2,180,258,0,258,438
2015-05-03,PAE,2,2,281,0,285,302,0,302,587
2010-07-11,PAE,4,4,187,1,196,92,1,93,289
2010-09-21,PAE,12,8,178,0,198,210,0,210,408
2015-05-04,PAE,17,12,129,0,158,124,0,124,282
2012-12-04,PAE,27,2,39,0,68,27,0,27,95
2010-09-19,PAE,10,0,52,0,62,67,0,67,129
2012-02-12,PAE,14,0,113,0,127,114,0,114,241
2012-03-20,PAE,38,4,29,0,71,2,0,2,73
2014-12-31,PAE,2,0,224,2,228,237,0,237,465
2010-07-10,PAE,0,1,275,0,276,213,0,213,489
2015-05-05,PAE,7,0,28,0,35,35,0,35,70
2012-10-18,PAE,18,5,137,4,164,246,1,247,411
2015-01-18,PAE,13,1,20,2,36,7,0,7,43
2012-03-29,PAE,12,3,21,4,40,0,0,0,40
2015-06-05,PAE,10,6,280,0,296,186,0,186,482
2015-05-06,PAE,19,1,122,0,142,242,0,242,384
2015-06-06,PAE,12,0,308,0,320,186,0,186,506
2014-12-30,PAE,3,6,208,1,218,215,0,215,433
2012-12-03,PAE,22,4,27,2,55,5,0,5,60
2014-12-29,PAE,7,2,149,0,158,228,0,228,386
2010-09-17,PAE,4,5,37,0,46,16,0,16,62
2015-01-21,PAE,12,4,172,0,188,228,0,228,416
2015-04-30,PAE,21,0,199,2,222,243,0,243,465
2012-10-03,PAE,6,4,117,2,129,142,2,144,273
2010-07-13,PAE,27,11,169,2,209,241,0,241,450
2012-02-18,PAE,10,0,9,6,25,0,0,0,25
2010-09-18,PAE,3,1,198,0,202,251,0,251,453
2012-10-20,PAE,12,1,139,1,153,225,0,225,378
2015-05-01,PAE,12,4,161,7,184,114,6,120,304
2010-10-02,PAE,9,2,275,1,287,293,0,293,580
2015-06-07,PAE,1,5,245,1,252,145,4,149,401
2010-06-18,PAE,9,5,240,0,254,210,0,210,464
2015-01-20,PAE,18,0,164,1,183,194,0,194,377
2012-03-19,PAE,13,5,174,3,195,250,2,252,447
2010-07-12,PAE,10,13,121,0,144,113,0,113,257
2015-05-02,PAE,0,2,284,2,288,257,0,257,545
2012-03-30,PAE,17,3,39,0,59,15,0,15,74
2012-12-05,PAE,9,4,108,5,126,153,0,153,279
2010-06-19,PAE,0,4,147,1,152,111,0,111,263
2010-07-09,PAE,26,13,260,9,308,158,0,158,466
2015-05-09,PAE,3,4,343,1,351,267,1,268,619
2010-06-21,PAE,22,3,82,0,107,98,0,98,205
2012-12-12,PAE,12,3,46,5,66,6,0,6,72
2015-01-01,PAE,4,6,210,0,220,162,0,162,382
2015-01-16,PAE,25,0,137,1,163,164,0,164,327
2012-03-21,PAE,10,2,156,0,168,296,0,296,464
2015-05-08,PAE,19,0,302,2,323,232,0,232,555
2015-06-03,PAE,2,10,102,2,116,154,0,154,270
2010-07-08,PAE,10,7,230,3,250,181,3,184,434
2012-10-17,PAE,13,3,212,0,228,289,0,289,517
2012-10-05,PAE,9,4,179,5,197,153,0,153,350
2015-05-07,PAE,28,2,183,0,213,257,0,257,470
2010-10-01,PAE,8,4,182,2,196,207,1,208,404
2012-02-17,PAE,15,8,25,19,67,0,0,0,67
2015-01-17,PAE,11,10,38,0,59,112,0,112,171
2010-09-20,PAE,19,17,90,0,126,145,0,145,271
2015-06-04,PAE,5,2,223,4,234,271,0,271,505
2010-06-20,PAE,4,2,72,0,78,0,0,0,78
2011-10-11,SEA,801,48,7,0,856,0,0,0,856
2012-05-21,SEA,825,44,4,0,873,0,0,0,873
2012-02-09,SEA,742,41,4,0,787,0,0,0,787
2012-02-27,SEA,748,36,23,0,807,0,0,0,807
2019-10-20,SEA,1207,1,5,0,1213,0,0,0,1213
2020-06-16,SEA,611,16,2,0,629,0,0,0,629
2020-06-22,SEA,636,13,8,0,657,0,0,0,657
2020-06-20,SEA,591,7,1,0,599,0,0,0,599
2019-10-22,SEA,1247,14,6,0,1267,0,0,0,1267
2019-11-10,SEA,1168,7,2,0,1177,0,0,0,1177
2012-02-25,SEA,660,29,0,0,689,0,0,0,689
2020-02-21,SEA,1211,11,1,0,1223,0,0,0,1223
2020-06-19,SEA,626,16,15,3,660,0,0,0,660
2012-05-16,SEA,811,57,12,0,880,0,0,0,880
2012-02-13,SEA,749,39,3,0,791,0,0,0,791
2011-09-13,SEA,835,52,6,0,893,0,0,0,893
2020-06-18,SEA,618,10,16,0,644,0,0,0,644
2011-10-15,SEA,712,38,8,0,758,0,0,0,758
2020-06-23,SEA,629,14,9,8,660,0,0,0,660
2020-02-02,SEA,1073,4,1,0,1078,0,0,0,1078
2012-05-18,SEA,846,41,8,0,895,0,0,0,895
2011-09-14,SEA,850,46,11,0,907,0,0,0,907
2012-02-11,SEA,640,35,9,0,684,0,0,0,684
2019-10-19,SEA,1104,5,4,0,1113,0,0,0,1113
2020-02-04,SEA,1113,13,6,0,1132,0,0,0,1132
2011-10-08,SEA,720,39,18,0,777,0,0,0,777
2012-01-24,SEA,718,42,0,0,760,0,0,0,760
2020-07-15,SEA,750,12,10,2,774,0,0,0,774
2012-02-28,SEA,737,41,10,0,788,0,0,0,788
2020-03-11,SEA,1177,11,2,0,1190,0,0,0,1190
2011-10-12,SEA,815,48,7,0,870,0,0,0,870
2020-03-07,SEA,1024,3,0,0,1027,0,0,0,1027
2020-02-19,SEA,1188,14,3,0,1205,0,0,0,1205
2012-02-12,SEA,713,30,6,0,749,0,0,0,749
2012-02-10,SEA,740,37,9,0,786,0,0,0,786
2011-10-09,SEA,773,38,15,0,826,0,0,0,826
2020-02-01,SEA,968,10,3,0,981,0,0,0,981
2019-11-12,SEA,1226,13,2,0,1241,0,0,0,1241
2020-02-03,SEA,1169,15,4,0,1188,0,0,0,1188
2020-06-17,SEA,611,21,12,0,644,0,0,0,644
2020-06-21,SEA,592,5,2,0,599,0,0,0,599
2012-02-08,SEA,716,45,2,4,767,0,0,0,767
2019-11-14,SEA,1240,22,1,1,1264,0,0,0,1264
2012-06-11,SEA,906,46,12,0,964,0,0,0,964
2011-10-10,SEA,814,50,4,0,868,0,0,0,868
2020-02-20,SEA,1206,10,4,0,1220,0,0,0,1220
2011-09-12,SEA,855,47,10,0,912,0,0,0,912
2020-02-17,SEA,1167,16,3,0,1186,0,0,0,1186
2020-07-17,SEA,774,12,6,0,792,0,0,0,792
2020-03-08,SEA,1113,2,1,0,1116,0,0,0,1116
2019-11-11,SEA,1228,13,2,0,1243,0,0,0,1243
2011-10-14,SEA,842,54,13,1,910,0,0,0,910
2012-05-17,SEA,845,45,22,1,913,0,0,0,913
2012-05-19,SEA,737,30,13,0,780,0,0,0,780
2020-03-10,SEA,1168,11,6,0,1185,0,0,0,1185
2020-07-18,SEA,733,10,11,0,754,0,0,0,754
2019-11-13,SEA,1195,14,5,0,1214,0,0,0,1214
2012-06-10,SEA,876,36,12,0,924,0,0,0,924
2012-01-20,SEA,645,43,8,0,696,0,0,0,696
2011-09-15,SEA,863,44,9,1,917,0,0,0,917
2011-10-13,SEA,827,50,8,2,887,0,0,0,887
2019-10-21,SEA,1266,12,5,0,1283,0,0,0,1283
2020-07-19,SEA,742,7,9,0,758,0,0,0,758
2012-01-21,SEA,643,31,3,0,677,0,0,0,677
2012-02-26,SEA,734,29,6,0,769,0,0,0,769
2020-02-16,SEA,1085,2,4,1,1092,0,0,0,1092
2012-01-23,SEA,724,37,7,0,768,0,0,0,768
2012-01-22,SEA,693,36,5,0,734,0,0,0,734
2012-05-20,SEA,789,37,7,0,833,0,0,0,833
2012-06-09,SEA,820,34,9,0,863,0,0,0,863
2020-07-16,SEA,760,14,9,2,785,0,0,0,785
2020-03-09,SEA,1196,13,3,0,1212,0,0,0,1212
2012-01-26,SEA,747,39,12,3,801,0,0,0,801
2019-11-09,SEA,1086,9,1,0,1096,0,0,0,1096
2020-02-12,SEA,1135,11,4,1,1151,0,0,0,1151
2012-06-03,SEA,845,35,17,0,897,0,0,0,897
2011-09-22,SEA,850,46,14,0,910,0,0,0,910
2020-07-09,SEA,716,11,9,2,738,0,0,0,738
2012-05-29,SEA,814,44,6,0,864,0,0,0,864
2020-07-02,SEA,689,18,4,0,711,0,0,0,711
2019-11-02,SEA,1066,4,3,0,1073,0,0,0,1073
2012-01-30,SEA,726,35,7,0,768,0,0,0,768
2020-03-01,SEA,1114,2,6,3,1125,0,0,0,1125
2011-09-29,SEA,851,48,26,1,926,0,0,0,926
2012-02-20,SEA,753,42,5,0,800,0,0,0,800
2020-02-25,SEA,1173,12,5,0,1190,0,0,0,1190
2019-10-27,SEA,1164,9,3,0,1176,0,0,0,1176
2011-09-28,SEA,842,45,16,1,904,0,0,0,904
2012-02-16,SEA,767,39,6,0,812,0,0,0,812
2012-05-28,SEA,830,32,11,0,873,0,0,0,873
2020-07-01,SEA,663,19,9,2,693,0,0,0,693
2012-06-04,SEA,874,40,2,0,916,0,0,0,916
2011-09-30,SEA,858,47,12,2,919,0,0,0,919
2020-02-08,SEA,972,9,2,0,983,0,0,0,983
2012-02-04,SEA,633,33,35,0,701,0,0,0,701
2019-11-03,SEA,1169,6,4,0,1179,0,0,0,1179
2012-01-29,SEA,705,33,2,0,740,0,0,0,740
2020-07-10,SEA,746,14,11,0,771,0,0,0,771
2020-06-30,SEA,629,17,3,0,649,0,0,0,649
2012-02-21,SEA,754,42,2,0,798,0,0,0,798
2020-02-13,SEA,1193,15,3,1,1212,0,0,0,1212
2020-03-02,SEA,1189,12,2,1,1204,0,0,0,1204
2011-09-21,SEA,838,41,11,0,890,0,0,0,890
2020-07-03,SEA,705,13,4,0,722,0,0,0,722
2012-02-03,SEA,736,36,17,0,789,0,0,0,789
2020-02-29,SEA,1034,8,3,1,1046,0,0,0,1046
2012-06-01,SEA,866,42,6,0,914,0,0,0,914
2020-02-27,SEA,1199,13,7,0,1219,0,0,0,1219
2012-02-18,SEA,659,30,9,0,698,0,0,0,698
2011-09-25,SEA,802,36,4,0,842,0,0,0,842
2020-02-11,SEA,1122,11,5,0,1138,0,0,0,1138
2012-02-02,SEA,745,41,13,1,800,0,0,0,800
2019-10-30,SEA,1184,16,4,0,1204,0,0,0,1204
2011-09-24,SEA,739,39,14,0,792,0,0,0,792
2012-02-01,SEA,724,41,4,0,769,0,0,0,769
2020-07-05,SEA,665,3,11,0,679,0,0,0,679
2020-07-07,SEA,708,13,5,0,726,0,0,0,726
2019-10-29,SEA,1188,14,5,0,1207,0,0,0,1207
2011-09-26,SEA,843,42,2,0,887,0,0,0,887
2012-05-31,SEA,852,45,5,0,902,0,0,0,902
2020-02-28,SEA,1191,10,0,0,1201,0,0,0,1201
2012-06-02,SEA,746,30,9,0,785,0,0,0,785
2019-10-31,SEA,1050,11,11,0,1072,0,0,0,1072
2020-02-10,SEA,1174,11,4,0,1189,0,0,0,1189
2020-07-04,SEA,601,4,5,0,610,0,0,0,610
2012-02-19,SEA,715,32,4,0,751,0,0,0,751
2012-01-31,SEA,720,41,3,2,766,0,0,0,766
2012-02-17,SEA,762,40,12,0,814,0,0,0,814
2011-09-23,SEA,857,47,24,0,928,0,0,0,928
2011-09-27,SEA,828,46,4,0,878,0,0,0,878
2020-02-26,SEA,1177,12,3,0,1192,0,0,0,1192
2012-05-30,SEA,845,49,8,0,902,0,0,0,902
2019-10-28,SEA,1206,12,4,0,1222,0,0,0,1222
2020-07-08,SEA,721,11,8,0,740,0,0,0,740
2019-11-01,SEA,1203,11,6,0,1220,0,0,0,1220
2012-05-27,SEA,736,28,10,0,774,0,0,0,774
2011-09-16,SEA,864,44,10,0,918,0,0,0,918
2011-10-01,SEA,741,43,4,0,788,0,0,0,788
2019-11-04,SEA,1210,15,4,0,1229,0,0,0,1229
2011-09-18,SEA,818,37,4,0,859,0,0,0,859
2012-02-06,SEA,729,37,11,0,777,0,0,0,777
2020-07-06,SEA,690,12,8,0,710,0,0,0,710
2011-10-05,SEA,817,50,3,0,870,0,0,0,870
2020-07-13,SEA,717,13,11,0,741,0,0,0,741
2019-10-24,SEA,1265,14,8,0,1287,0,0,0,1287
2019-11-07,SEA,1242,14,1,0,1257,0,0,0,1257
2020-03-05,SEA,1215,12,1,1,1229,0,0,0,1229
2012-02-14,SEA,732,43,5,0,780,0,0,0,780
2012-06-07,SEA,902,50,8,2,962,0,0,0,962
2020-06-25,SEA,638,15,14,0,667,0,0,0,667
2011-10-06,SEA,835,49,13,0,897,0,0,0,897
2012-05-23,SEA,842,42,9,1,894,0,0,0,894
2012-05-24,SEA,849,43,22,0,914,0,0,0,914
2011-09-17,SEA,758,37,6,0,801,0,0,0,801
2019-11-08,SEA,1229,16,1,0,1246,0,0,0,1246
2012-01-25,SEA,721,41,3,0,765,0,0,0,765
2020-07-14,SEA,702,16,9,1,728,0,0,0,728
2020-06-24,SEA,639,16,7,8,670,0,0,0,670
2020-02-22,SEA,1031,13,1,1,1046,0,0,0,1046
2012-02-24,SEA,765,40,2,1,808,0,0,0,808
2012-02-07,SEA,712,42,16,2,772,0,0,0,772
2019-10-23,SEA,1241,13,2,0,1256,0,0,0,1256
2012-05-22,SEA,836,48,3,0,887,0,0,0,887
2020-02-15,SEA,1023,11,1,1,1036,0,0,0,1036
2011-10-07,SEA,848,48,10,0,906,0,0,0,906
2020-03-06,SEA,1212,12,1,0,1225,0,0,0,1225
2012-06-08,SEA,921,46,5,0,972,0,0,0,972
2020-02-05,SEA,1152,10,3,0,1165,0,0,0,1165
2020-06-26,SEA,648,20,4,0,672,0,0,0,672
2012-02-23,SEA,754,42,12,1,809,0,0,0,809
2020-02-06,SEA,1199,10,1,0,1210,0,0,0,1210
2011-09-20,SEA,836,47,13,0,896,0,0,0,896
2020-02-24,SEA,1180,12,1,0,1193,0,0,0,1193
2012-01-28,SEA,641,30,16,0,687,0,0,0,687
2020-07-11,SEA,697,7,8,0,712,0,0,0,712
2020-06-29,SEA,637,15,8,0,660,0,0,0,660
2012-06-05,SEA,870,43,6,0,919,0,0,0,919
2011-10-02,SEA,789,36,25,0,850,0,0,0,850
2020-02-07,SEA,1226,10,6,0,1242,0,0,0,1242
2012-05-26,SEA,743,33,24,0,800,0,0,0,800
2020-03-03,SEA,1175,12,6,0,1193,0,0,0,1193
2012-02-05,SEA,704,32,14,0,750,0,0,0,750
2019-11-05,SEA,1186,15,4,0,1205,0,0,0,1205
2020-06-28,SEA,630,1,4,0,635,0,0,0,635
2012-02-22,SEA,755,39,2,2,798,0,0,0,798
2011-09-19,SEA,848,46,11,0,905,0,0,0,905
2012-02-15,SEA,742,38,7,1,788,0,0,0,788
2011-10-03,SEA,819,47,7,1,874,0,0,0,874
2012-01-27,SEA,747,40,15,0,802,0,0,0,802
2020-02-14,SEA,1225,10,1,0,1236,0,0,0,1236
2019-10-25,SEA,1254,10,5,0,1269,0,0,0,1269
2012-05-25,SEA,863,40,17,0,920,0,0,0,920
2012-06-06,SEA,875,45,7,0,927,0,0,0,927
2020-06-27,SEA,608,4,6,0,618,0,0,0,618
2019-11-06,SEA,1201,13,12,0,1226,0,0,0,1226
2020-07-12,SEA,710,5,3,0,718,0,0,0,718
2020-02-23,SEA,1134,6,3,0,1143,0,0,0,1143
2011-10-04,SEA,798,50,6,1,855,0,0,0,855
2020-03-04,SEA,1166,15,4,2,1187,0,0,0,1187
2011-09-11,SEA,826,34,30,0,890,0,0,0,890
2019-10-26,SEA,1117,4,3,0,1124,0,0,0,1124
2020-02-09,SEA,1120,1,2,0,1123,0,0,0,1123
2020-04-18,SEA,346,3,7,0,356,0,0,0,356
2012-01-19,SEA,220,12,7,0,239,0,0,0,239
2019-12-17,SEA,1216,17,5,0,1238,0,0,0,1238
2020-04-06,SEA,401,10,4,0,415,0,0,0,415
2011-12-25,SEA,643,26,0,0,669,0,0,0,669
2020-05-07,SEA,376,11,18,0,405,0,0,0,405
2012-04-14,SEA,705,29,19,0,753,0,0,0,753
2020-01-11,SEA,972,10,3,0,985,0,0,0,985
2011-11-23,SEA,812,40,0,0,852,0,0,0,852
2020-05-08,SEA,379,10,20,1,410,0,0,0,410
2020-04-05,SEA,436,0,5,0,441,0,0,0,441
2019-12-16,SEA,1221,11,2,0,1234,0,0,0,1234
2012-04-15,SEA,752,35,5,0,792,0,0,0,792
2012-03-19,SEA,768,40,13,0,821,0,0,0,821
2011-11-22,SEA,806,39,3,0,848,0,0,0,848
2011-12-26,SEA,807,28,11,0,846,0,0,0,846
2020-01-12,SEA,1077,1,1,0,1079,0,0,0,1079
2020-05-09,SEA,337,3,19,0,359,0,0,0,359
2019-12-15,SEA,1154,4,1,0,1159,0,0,0,1159
2011-11-24,SEA,588,18,0,0,606,0,0,0,606
2012-03-20,SEA,779,37,7,0,823,0,0,0,823
2020-05-06,SEA,368,12,4,1,385,0,0,0,385
2012-04-13,SEA,822,50,24,2,898,0,0,0,898
2020-05-03,SEA,343,1,7,0,351,0,0,0,351
2020-01-09,SEA,1193,15,1,0,1209,0,0,0,1209
2019-12-20,SEA,1260,12,2,1,1275,0,0,0,1275
2012-04-11,SEA,791,42,4,0,837,0,0,0,837
2020-04-08,SEA,423,10,14,0,447,0,0,0,447
2011-11-27,SEA,811,29,4,0,844,0,0,0,844
2020-05-04,SEA,352,10,3,2,367,0,0,0,367
2011-12-23,SEA,849,44,3,0,896,0,0,0,896
2020-04-04,SEA,420,4,9,0,433,0,0,0,433
2019-12-19,SEA,1223,10,2,0,1235,0,0,0,1235
2011-11-26,SEA,762,29,7,0,798,0,0,0,798
2012-04-12,SEA,803,41,13,2,859,0,0,0,859
2020-04-07,SEA,436,15,9,0,460,0,0,0,460
2020-05-05,SEA,349,10,14,2,375,0,0,0,375
2020-01-10,SEA,1162,8,5,0,1175,0,0,0,1175
2019-12-18,SEA,1217,11,3,0,1231,0,0,0,1231
2011-12-24,SEA,717,33,4,0,754,0,0,0,754
2011-11-25,SEA,659,31,15,0,705,0,0,0,705
2012-03-21,SEA,788,43,16,0,847,0,0,0,847
2011-11-21,SEA,774,39,4,0,817,0,0,0,817
2012-04-16,SEA,787,40,3,0,830,0,0,0,830
2020-05-10,SEA,348,0,16,0,364,0,0,0,364
2020-05-14,SEA,388,12,3,0,403,0,0,0,403
2012-03-16,SEA,797,36,8,0,841,0,0,0,841
2019-12-11,SEA,1204,12,1,1,1218,0,0,0,1218
2020-04-01,SEA,531,10,3,0,544,0,0,0,544
2011-11-16,SEA,775,44,8,0,827,0,0,0,827
2012-04-20,SEA,808,35,7,0,850,0,0,0,850
2020-01-15,SEA,1112,9,6,0,1127,0,0,0,1127
2011-12-30,SEA,836,38,3,0,877,0,0,0,877
2011-11-17,SEA,793,42,4,3,842,0,0,0,842
2020-05-15,SEA,399,10,9,6,424,0,0,0,424
2011-11-15,SEA,779,45,14,3,841,0,0,0,841
2012-04-21,SEA,711,29,20,0,760,0,0,0,760
2020-05-16,SEA,357,4,8,0,369,0,0,0,369
2020-03-31,SEA,582,11,2,0,595,0,0,0,595
2012-03-15,SEA,787,35,2,1,825,0,0,0,825
2011-12-31,SEA,729,31,6,0,766,0,0,0,766
2019-12-09,SEA,1218,14,1,0,1233,0,0,0,1233
2011-11-14,SEA,793,40,7,2,842,0,0,0,842
2019-12-10,SEA,1190,15,3,0,1208,0,0,0,1208
2012-03-22,SEA,789,37,11,0,837,0,0,0,837
2020-01-14,SEA,1063,10,1,1,1075,0,0,0,1075
2019-12-12,SEA,1227,21,2,0,1250,0,0,0,1250
2011-12-27,SEA,831,40,9,0,880,0,0,0,880
2019-12-14,SEA,1063,10,2,0,1075,0,0,0,1075
2011-11-20,SEA,754,30,10,0,794,0,0,0,794
2012-03-18,SEA,747,30,1,0,778,0,0,0,778
2020-01-13,SEA,1096,10,0,0,1106,0,0,0,1106
2012-04-17,SEA,791,36,10,1,838,0,0,0,838
2020-05-11,SEA,343,11,8,0,362,0,0,0,362
2020-04-03,SEA,459,8,2,1,470,0,0,0,470
2012-04-19,SEA,802,39,2,2,845,0,0,0,845
2019-12-13,SEA,1227,12,3,0,1242,0,0,0,1242
2011-11-19,SEA,706,29,10,0,745,0,0,0,745
2020-05-12,SEA,360,10,9,8,387,0,0,0,387
2012-04-18,SEA,793,40,5,0,838,0,0,0,838
2012-03-17,SEA,714,38,5,0,757,0,0,0,757
2011-11-18,SEA,797,38,2,0,837,0,0,0,837
2020-04-02,SEA,453,11,8,0,472,8,0,8,480
2011-12-29,SEA,824,43,9,0,876,0,0,0,876
2020-05-13,SEA,380,10,4,4,398,0,0,0,398
2011-12-28,SEA,852,42,2,0,896,0,0,0,896
2020-01-16,SEA,1193,9,2,0,1204,0,0,0,1204
2011-11-28,SEA,809,41,3,2,855,0,0,0,855
2012-04-10,SEA,796,38,8,0,842,0,0,0,842
2020-01-03,SEA,1239,11,1,0,1251,0,0,0,1251
2020-04-22,SEA,362,11,0,0,373,0,0,0,373
2012-04-02,SEA,774,36,4,2,816,0,0,0,816
2020-04-15,SEA,371,10,9,0,390,0,0,0,390
2011-12-08,SEA,788,39,17,0,844,0,0,0,844
2012-03-27,SEA,788,39,5,1,833,0,0,0,833
2011-12-16,SEA,841,48,7,0,896,0,0,0,896
2020-04-23,SEA,380,12,2,2,396,0,0,0,396
2019-12-28,SEA,1195,7,2,0,1204,0,0,0,1204
2012-04-03,SEA,770,37,4,1,812,0,0,0,812
2020-01-04,SEA,1145,7,3,0,1155,0,0,0,1155
2011-12-07,SEA,769,37,4,0,810,0,0,0,810
2020-04-24,SEA,358,13,12,0,383,0,0,0,383
2020-04-14,SEA,389,14,8,0,411,0,0,0,411
2019-12-27,SEA,1261,12,3,0,1276,0,0,0,1276
2011-12-17,SEA,788,47,17,2,854,0,0,0,854
2011-12-06,SEA,782,38,6,0,826,0,0,0,826
2011-12-09,SEA,775,36,5,0,816,0,0,0,816
2019-12-29,SEA,1224,3,3,0,1230,0,0,0,1230
2011-12-15,SEA,818,45,2,1,866,0,0,0,866
2012-03-28,SEA,792,38,4,0,834,0,0,0,834
2020-01-01,SEA,1096,2,0,0,1098,0,0,0,1098
2011-12-13,SEA,777,42,10,0,829,0,0,0,829
2012-03-30,SEA,798,34,2,2,836,0,0,0,836
2011-12-12,SEA,768,39,14,0,821,0,0,0,821
2012-03-29,SEA,788,39,1,0,828,0,0,0,828
2020-04-19,SEA,361,1,15,0,377,0,0,0,377
2019-12-31,SEA,1138,10,0,0,1148,0,0,0,1148
2020-04-17,SEA,365,10,21,0,396,0,0,0,396
2012-04-04,SEA,779,41,14,0,834,0,0,0,834
2011-12-11,SEA,720,34,4,0,758,0,0,0,758
2020-04-20,SEA,354,10,13,5,382,0,0,0,382
2020-01-02,SEA,1207,13,5,0,1225,0,0,0,1225
2011-12-14,SEA,764,45,10,1,820,0,0,0,820
2011-12-10,SEA,660,34,7,0,701,0,0,0,701
2019-12-30,SEA,1245,10,2,0,1257,0,0,0,1257
2012-04-01,SEA,750,31,5,0,786,0,0,0,786
2020-04-21,SEA,360,16,8,1,385,0,0,0,385
2020-04-16,SEA,363,12,15,0,390,0,0,0,390
2012-03-31,SEA,706,28,3,0,737,0,0,0,737
2020-04-25,SEA,326,7,2,0,335,0,0,0,335
2012-03-26,SEA,780,38,4,0,822,0,0,0,822
2020-01-05,SEA,1193,2,2,0,1197,0,0,0,1197
2019-12-23,SEA,1271,14,0,0,1285,0,0,0,1285
2011-12-20,SEA,843,43,0,1,887,0,0,0,887
2020-01-07,SEA,1147,14,19,0,1180,0,0,0,1180
2011-12-01,SEA,800,37,5,0,842,0,0,0,842
2012-04-08,SEA,750,28,7,0,785,0,0,0,785
2020-04-30,SEA,356,12,6,7,381,0,0,0,381
2012-03-23,SEA,799,35,16,3,853,0,0,0,853
2020-04-10,SEA,400,9,7,0,416,0,0,0,416
2020-04-29,SEA,350,10,8,0,368,0,0,0,368
2019-12-22,SEA,1227,8,1,0,1236,0,0,0,1236
2011-12-21,SEA,840,45,10,0,895,0,0,0,895
2012-04-09,SEA,779,37,17,0,833,0,0,0,833
2020-05-01,SEA,394,12,17,1,424,0,0,0,424
2020-01-08,SEA,1140,14,0,0,1154,0,0,0,1154
2019-12-21,SEA,1233,12,0,0,1245,0,0,0,1245
2011-11-29,SEA,788,40,3,2,833,0,0,0,833
2020-04-09,SEA,395,14,12,0,421,0,0,0,421
2020-05-02,SEA,319,5,5,0,329,0,0,0,329
2011-11-30,SEA,773,38,13,4,828,0,0,0,828
2011-12-22,SEA,858,50,3,0,911,0,0,0,911
2012-03-24,SEA,709,33,22,0,764,0,0,0,764
2011-12-02,SEA,775,35,9,1,820,0,0,0,820
2019-12-26,SEA,1229,14,3,0,1246,0,0,0,1246
2020-04-13,SEA,379,10,4,0,393,0,0,0,393
2011-12-05,SEA,767,39,9,2,817,0,0,0,817
2020-04-26,SEA,336,0,20,0,356,0,0,0,356
2012-04-05,SEA,795,35,8,2,840,0,0,0,840
2011-12-18,SEA,797,34,0,0,831,0,0,0,831
2019-12-25,SEA,1057,3,0,0,1060,0,0,0,1060
2011-12-04,SEA,731,36,22,0,789,0,0,0,789
2020-04-11,SEA,362,5,5,0,372,0,0,0,372
2012-03-25,SEA,754,29,15,2,800,0,0,0,800
2012-04-06,SEA,790,36,7,0,833,0,0,0,833
2020-04-12,SEA,369,1,8,0,378,0,0,0,378
2020-01-06,SEA,1212,15,9,0,1236,0,0,0,1236
2011-12-03,SEA,661,32,2,0,695,0,0,0,695
2011-12-19,SEA,812,44,3,0,859,0,0,0,859
2020-04-28,SEA,365,10,13,2,390,0,0,0,390
2019-12-24,SEA,1136,10,1,0,1147,0,0,0,1147
2012-04-07,SEA,695,27,28,0,750,0,0,0,750
2020-04-27,SEA,338,12,2,4,356,0,0,0,356
2019-11-15,SEA,1242,15,2,1,1260,0,0,0,1260
2020-05-17,SEA,378,2,9,0,389,0,0,0,389
2020-03-30,SEA,606,10,0,0,616,0,0,0,616
2020-06-05,SEA,528,12,7,0,547,0,0,0,547
2020-03-18,SEA,1096,13,3,0,1112,0,0,0,1112
2020-01-26,SEA,1114,1,3,0,1118,0,0,0,1118
2019-11-23,SEA,1126,6,0,0,1132,0,0,0,1132
2012-01-13,SEA,747,38,15,0,800,0,0,0,800
2011-10-25,SEA,784,51,10,2,847,0,0,0,847
2020-06-06,SEA,492,5,4,0,501,0,0,0,501
2012-05-08,SEA,790,50,6,0,846,0,0,0,846
2012-03-04,SEA,735,32,5,0,772,0,0,0,772
2011-10-24,SEA,810,45,12,0,867,0,0,0,867
2020-03-17,SEA,1137,11,1,0,1149,0,0,0,1149
2012-01-14,SEA,619,24,2,0,645,0,0,0,645
2020-06-07,SEA,539,2,1,0,542,0,0,0,542
2019-11-22,SEA,1220,17,0,0,1237,0,0,0,1237
2012-05-09,SEA,802,44,8,0,854,0,0,0,854
2020-01-27,SEA,1183,14,4,0,1201,0,0,0,1201
2011-10-23,SEA,777,35,4,0,816,0,0,0,816
2011-10-26,SEA,812,46,11,0,869,0,0,0,869
2012-05-07,SEA,810,43,11,0,864,0,0,0,864
2012-03-05,SEA,752,38,1,0,791,0,0,0,791
2019-11-24,SEA,1147,6,3,0,1156,0,0,0,1156
2012-05-04,SEA,824,46,15,1,886,0,0,0,886
2020-01-24,SEA,1202,12,2,0,1216,0,0,0,1216
2011-10-29,SEA,710,37,12,0,759,0,0,0,759
2020-03-20,SEA,983,10,1,0,994,0,0,0,994
2019-11-26,SEA,1191,11,2,0,1204,0,0,0,1204
2020-06-02,SEA,495,10,3,2,510,0,0,0,510
2012-05-05,SEA,714,31,14,0,759,0,0,0,759
2012-01-11,SEA,734,39,18,0,791,0,0,0,791
2020-06-08,SEA,557,14,6,1,578,0,0,0,578
2011-10-28,SEA,815,48,2,0,865,0,0,0,865
2020-06-03,SEA,507,11,4,1,523,0,0,0,523
2020-01-25,SEA,973,5,3,0,981,0,0,0,981
2019-11-25,SEA,1170,21,4,0,1195,0,0,0,1195
2020-03-19,SEA,1062,14,3,0,1079,0,0,0,1079
2011-10-27,SEA,818,50,18,0,886,0,0,0,886
2012-05-06,SEA,774,36,22,1,833,0,0,0,833
2020-06-04,SEA,505,12,5,7,529,0,0,0,529
2012-01-12,SEA,740,36,8,0,784,0,0,0,784
2012-03-06,SEA,764,43,16,2,825,0,0,0,825
2019-11-21,SEA,1254,11,7,0,1272,0,0,0,1272
2020-03-16,SEA,1180,11,4,0,1195,0,0,0,1195
2012-03-03,SEA,669,31,6,0,706,0,0,0,706
2012-05-13,SEA,781,37,25,0,843,0,0,0,843
2012-03-01,SEA,772,39,4,3,818,0,0,0,818
2011-10-18,SEA,794,49,11,1,855,0,0,0,855
2020-06-13,SEA,559,9,6,0,574,0,0,0,574
2020-03-13,SEA,1087,11,2,0,1100,0,0,0,1100
2020-01-30,SEA,1205,12,4,0,1221,0,0,0,1221
2019-11-17,SEA,1161,4,2,0,1167,0,0,0,1167
2012-01-18,SEA,566,22,8,0,596,0,0,0,596
2019-11-18,SEA,1221,18,8,0,1247,0,0,0,1247
2012-05-14,SEA,824,44,19,0,887,0,0,0,887
2020-06-14,SEA,585,6,3,0,594,0,0,0,594
2012-02-29,SEA,743,40,3,0,786,0,0,0,786
2020-03-12,SEA,1219,12,2,0,1233,0,0,0,1233
2019-11-16,SEA,1077,5,2,1,1085,0,0,0,1085
2011-10-16,SEA,782,33,3,1,819,0,0,0,819
2012-05-15,SEA,811,47,16,2,876,0,0,0,876
2020-01-31,SEA,1207,10,1,0,1218,0,0,0,1218
2020-06-15,SEA,600,15,2,2,619,0,0,0,619
2011-10-17,SEA,811,45,13,1,870,0,0,0,870
2020-06-01,SEA,465,12,14,6,497,0,0,0,497
2020-06-12,SEA,580,9,6,0,595,0,0,0,595
2011-10-19,SEA,815,44,7,0,866,0,0,0,866
2012-05-10,SEA,814,49,11,0,874,0,0,0,874
2011-10-22,SEA,717,34,2,0,753,0,0,0,753
2012-01-15,SEA,681,30,0,0,711,0,0,0,711
2020-06-09,SEA,563,18,1,0,582,0,0,0,582
2020-01-28,SEA,1126,16,1,0,1143,0,0,0,1143
2019-11-20,SEA,1214,20,4,0,1238,0,0,0,1238
2011-10-21,SEA,829,44,8,2,883,0,0,0,883
2020-03-15,SEA,1146,2,5,0,1153,0,0,0,1153
2012-01-17,SEA,714,36,7,0,757,0,0,0,757
2012-05-11,SEA,814,49,15,3,881,0,0,0,881
2012-01-16,SEA,722,30,4,0,756,0,0,0,756
2019-11-19,SEA,1209,11,3,0,1223,0,0,0,1223
2012-03-02,SEA,767,39,7,0,813,0,0,0,813
2011-10-20,SEA,815,48,6,0,869,0,0,0,869
2020-01-29,SEA,1134,14,4,0,1152,0,0,0,1152
2020-06-11,SEA,572,16,11,0,599,0,0,0,599
2012-05-12,SEA,718,33,21,2,774,0,0,0,774
2020-03-14,SEA,1076,6,5,0,1087,0,0,0,1087
2020-06-10,SEA,571,18,4,0,593,0,0,0,593
2012-04-22,SEA,767,29,17,2,815,0,0,0,815
2012-01-10,SEA,733,39,12,2,786,0,0,0,786
2019-11-27,SEA,1261,7,4,0,1272,0,0,0,1272
2012-01-03,SEA,791,33,9,3,836,0,0,0,836
2019-12-05,SEA,1220,10,3,0,1233,0,0,0,1233
2011-11-09,SEA,787,44,10,2,843,0,0,0,843
2020-05-22,SEA,446,12,12,0,470,0,0,0,470
2012-03-12,SEA,779,33,9,0,821,0,0,0,821
2012-04-26,SEA,801,43,6,1,851,0,0,0,851
2020-03-27,SEA,673,8,0,0,681,0,0,0,681
2011-11-08,SEA,769,44,14,0,827,0,0,0,827
2012-01-04,SEA,774,36,6,0,816,0,0,0,816
2020-01-19,SEA,1054,5,4,0,1063,0,0,0,1063
2020-05-23,SEA,385,5,11,0,401,0,0,0,401
2019-12-04,SEA,1206,11,0,0,1217,0,0,0,1217
2012-04-27,SEA,803,42,6,0,851,0,0,0,851
2020-03-26,SEA,750,14,0,2,766,0,0,0,766
2011-11-07,SEA,795,40,6,0,841,0,0,0,841
2012-03-11,SEA,734,33,1,0,768,0,0,0,768
2020-05-24,SEA,405,1,10,0,416,0,0,0,416
2020-05-21,SEA,424,13,6,0,443,0,0,0,443
2020-01-18,SEA,947,9,2,0,958,0,0,0,958
2012-04-25,SEA,797,42,6,0,845,0,0,0,845
2011-11-10,SEA,795,43,9,0,847,0,0,0,847
2011-11-13,SEA,752,29,1,0,782,0,0,0,782
2012-01-01,SEA,704,29,6,0,739,0,0,0,739
2020-05-18,SEA,386,9,12,0,407,0,0,0,407
2019-12-08,SEA,1149,4,1,0,1154,0,0,0,1154
2012-04-23,SEA,797,43,8,1,849,0,0,0,849
2012-03-14,SEA,785,38,3,0,826,0,0,0,826
2011-11-12,SEA,680,31,4,0,715,0,0,0,715
2020-01-17,SEA,1186,12,5,0,1203,0,0,0,1203
2012-01-05,SEA,767,36,7,0,810,0,0,0,810
2020-05-19,SEA,395,11,8,1,415,0,0,0,415
2019-12-07,SEA,1060,10,3,1,1074,0,0,0,1074
2012-01-02,SEA,819,33,14,3,869,0,0,0,869
2012-04-24,SEA,787,43,3,0,833,0,0,0,833
2011-11-11,SEA,801,36,6,0,843,0,0,0,843
2020-05-20,SEA,414,12,3,2,431,0,0,0,431
2012-03-13,SEA,770,44,5,0,819,0,0,0,819
2020-03-28,SEA,611,5,0,0,616,0,0,0,616
2019-12-06,SEA,1228,10,1,0,1239,0,0,0,1239
2020-03-29,SEA,614,2,3,0,619,0,0,0,619
2019-12-03,SEA,1219,14,2,0,1235,0,0,0,1235
2020-01-20,SEA,1158,11,5,0,1174,0,0,0,1174
2011-11-06,SEA,754,32,7,0,793,0,0,0,793
2020-01-22,SEA,1135,14,3,0,1152,0,0,0,1152
2011-11-02,SEA,802,36,5,0,843,0,0,0,843
2012-01-08,SEA,718,21,8,0,747,0,0,0,747
2020-05-29,SEA,431,13,28,6,478,0,0,0,478
2019-11-29,SEA,1015,13,2,0,1030,0,0,0,1030
2020-03-22,SEA,824,2,2,0,828,0,0,0,828
2011-11-01,SEA,791,42,13,0,846,0,0,0,846
2012-05-02,SEA,799,43,8,0,850,0,0,0,850
2020-03-23,SEA,848,11,0,1,860,0,0,0,860
2012-03-08,SEA,770,39,18,2,829,0,0,0,829
2020-01-23,SEA,1185,10,3,0,1198,0,0,0,1198
2012-01-09,SEA,739,33,2,0,774,0,0,0,774
2019-11-28,SEA,922,3,0,2,927,0,0,0,927
2011-10-31,SEA,783,34,11,0,828,0,0,0,828
2012-05-03,SEA,808,49,6,0,863,0,0,0,863
2020-05-31,SEA,412,0,6,0,418,0,0,0,418
2012-03-07,SEA,768,46,14,1,829,0,0,0,829
2020-03-21,SEA,830,7,4,0,841,0,0,0,841
2020-05-30,SEA,405,7,4,0,416,0,0,0,416
2011-10-30,SEA,776,29,2,0,807,0,0,0,807
2012-05-01,SEA,787,48,8,1,844,0,0,0,844
2020-05-28,SEA,423,14,14,0,451,0,0,0,451
2012-04-28,SEA,706,33,11,0,750,0,0,0,750
2020-05-25,SEA,409,0,2,1,412,0,0,0,412
2020-03-25,SEA,737,14,2,2,755,0,0,0,755
2019-12-02,SEA,1243,15,1,0,1259,0,0,0,1259
2012-01-06,SEA,759,38,5,0,802,0,0,0,802
2011-11-05,SEA,703,33,14,0,750,0,0,0,750
2012-04-29,SEA,772,32,8,0,812,0,0,0,812
2020-05-26,SEA,418,10,4,0,432,0,0,0,432
2019-11-30,SEA,1176,8,6,0,1190,0,0,0,1190
2012-03-10,SEA,697,31,0,1,729,0,0,0,729
2019-12-01,SEA,1226,3,1,0,1230,0,0,0,1230
2011-11-04,SEA,817,35,5,1,858,0,0,0,858
2020-03-24,SEA,785,12,6,0,803,0,0,0,803
2020-05-27,SEA,424,11,15,0,450,0,0,0,450
2012-04-30,SEA,801,39,3,0,843,0,0,0,843
2012-01-07,SEA,652,24,11,0,687,0,0,0,687
2012-03-09,SEA,768,41,2,2,813,0,0,0,813
2011-11-03,SEA,813,41,13,0,867,0,0,0,867
2020-01-21,SEA,1123,14,5,0,1142,0,0,0,1142
2020-02-18,SEA,1173,15,4,0,1192,0,0,0,1192
2016-02-15,SEA,981,23,5,0,1009,0,0,0,1009
2011-09-10,SEA,759,39,22,0,820,0,0,0,820
2021-09-08,SEA,1098,17,6,0,1121,0,0,0,1121
2010-07-23,SEA,930,63,14,0,1007,0,0,0,1007
2021-09-07,SEA,1151,16,5,0,1172,0,0,0,1172
2010-07-24,SEA,840,50,14,1,905,0,0,0,905
2021-09-06,SEA,1156,9,3,0,1168,0,0,0,1168
2010-07-25,SEA,891,51,19,1,962,0,0,0,962
2021-09-05,SEA,1145,7,2,0,1154,0,0,0,1154
2010-07-26,SEA,919,62,18,0,999,0,0,0,999
2021-09-04,SEA,1140,17,2,0,1159,0,0,0,1159
2010-07-27,SEA,916,60,12,0,988,0,0,0,988
2021-09-03,SEA,1194,17,8,1,1220,0,0,0,1220
2010-07-28,SEA,930,65,11,0,1006,0,0,0,1006
2021-09-02,SEA,1195,19,13,0,1227,0,0,0,1227
2010-07-29,SEA,925,68,8,0,1001,0,0,0,1001
2021-09-01,SEA,1168,15,4,2,1189,0,0,0,1189
2010-07-22,SEA,935,63,7,2,1007,0,0,0,1007
2010-07-30,SEA,955,52,17,0,1024,0,0,0,1024
2021-09-09,SEA,1152,18,9,2,1181,0,0,0,1181
2021-09-10,SEA,1158,14,2,0,1174,0,0,0,1174
2010-07-13,SEA,920,66,8,0,994,0,0,0,994
2021-09-17,SEA,1180,10,5,0,1195,0,0,0,1195
2010-07-14,SEA,922,63,18,0,1003,0,0,0,1003
2021-09-16,SEA,1162,18,3,0,1183,0,0,0,1183
2010-07-15,SEA,938,61,10,0,1009,0,0,0,1009
2021-09-15,SEA,1098,17,3,0,1118,0,0,0,1118
2010-07-16,SEA,927,52,13,0,992,0,0,0,992
2021-09-14,SEA,1104,20,11,0,1135,0,0,0,1135
2010-07-17,SEA,856,53,12,3,924,0,0,0,924
2021-09-13,SEA,1135,12,5,0,1152,0,0,0,1152
2010-07-18,SEA,912,49,10,0,971,0,0,0,971
2021-09-12,SEA,1135,1,5,0,1141,0,0,0,1141
2010-07-19,SEA,910,60,6,0,976,0,0,0,976
2021-09-11,SEA,1083,8,2,0,1093,0,0,0,1093
2010-07-20,SEA,952,68,10,0,1030,0,0,0,1030
2010-07-21,SEA,930,62,13,0,1005,0,0,0,1005
2021-08-31,SEA,1174,14,7,0,1195,0,0,0,1195
2010-07-31,SEA,836,62,11,0,909,0,0,0,909
2021-08-30,SEA,1183,13,7,0,1203,0,0,0,1203
2010-08-11,SEA,922,64,8,1,995,0,0,0,995
2021-08-19,SEA,1209,16,7,0,1232,0,0,0,1232
2010-08-12,SEA,934,62,17,0,1013,0,0,0,1013
2021-08-18,SEA,1163,18,6,0,1187,0,0,0,1187
2010-08-13,SEA,915,66,20,0,1001,0,0,0,1001
2021-08-17,SEA,1153,16,3,0,1172,0,0,0,1172
2010-08-14,SEA,835,52,11,0,898,0,0,0,898
2021-08-16,SEA,1196,17,3,0,1216,0,0,0,1216
2010-08-15,SEA,876,55,25,0,956,0,0,0,956
2021-08-15,SEA,1179,8,4,0,1191,0,0,0,1191
2010-08-16,SEA,908,55,14,0,977,0,0,0,977
2021-08-14,SEA,1142,5,2,0,1149,0,0,0,1149
2010-08-17,SEA,901,60,0,1,962,0,0,0,962
2021-08-13,SEA,1196,13,12,0,1221,0,0,0,1221
2010-08-18,SEA,900,62,13,0,975,0,0,0,975
2021-08-20,SEA,1204,9,6,0,1219,0,0,0,1219
2010-08-10,SEA,907,69,8,0,984,0,0,0,984
2021-08-21,SEA,1150,15,0,0,1165,0,0,0,1165
2010-08-09,SEA,920,64,5,0,989,0,0,0,989
2010-08-01,SEA,900,55,13,1,969,0,0,0,969
2021-08-29,SEA,1180,6,7,0,1193,0,0,0,1193
2010-08-02,SEA,919,55,4,0,978,0,0,0,978
2021-08-28,SEA,1161,7,2,1,1171,0,0,0,1171
2010-08-03,SEA,913,57,13,0,983,0,0,0,983
2021-08-27,SEA,1214,17,5,0,1236,0,0,0,1236
2010-08-04,SEA,919,63,18,0,1000,0,0,0,1000
2021-09-18,SEA,1084,8,4,0,1096,0,0,0,1096
2021-08-26,SEA,1201,16,3,0,1220,0,0,0,1220
2021-08-25,SEA,1151,22,6,0,1179,0,0,0,1179
2010-08-06,SEA,924,58,7,0,989,0,0,0,989
2021-08-24,SEA,1161,17,2,1,1181,0,0,0,1181
2010-08-07,SEA,847,57,8,0,912,0,0,0,912
2021-08-23,SEA,1180,14,3,0,1197,0,0,0,1197
2010-08-08,SEA,887,55,5,0,947,0,0,0,947
2021-08-22,SEA,1171,8,7,0,1186,0,0,0,1186
2010-08-05,SEA,933,58,22,1,1014,0,0,0,1014
2021-08-12,SEA,1219,14,7,0,1240,0,0,0,1240
2010-07-12,SEA,908,57,7,2,974,0,0,0,974
2010-07-11,SEA,924,55,8,0,987,0,0,0,987
2010-06-14,SEA,899,61,9,0,969,0,0,0,969
2021-10-16,SEA,1032,6,5,0,1043,0,0,0,1043
2010-06-15,SEA,899,60,3,0,962,0,0,0,962
2021-10-15,SEA,1105,17,1,0,1123,0,0,0,1123
2010-06-16,SEA,908,62,5,0,975,0,0,0,975
2021-10-14,SEA,1117,14,2,0,1133,0,0,0,1133
2010-06-17,SEA,922,61,11,0,994,0,0,0,994
2021-10-13,SEA,1049,19,5,0,1073,0,0,0,1073
2010-06-18,SEA,924,62,8,0,994,0,0,0,994
2021-10-12,SEA,1033,19,1,0,1053,0,0,0,1053
2010-06-19,SEA,850,54,5,0,909,0,0,0,909
2021-10-11,SEA,1067,17,6,0,1090,0,0,0,1090
2010-06-20,SEA,892,54,5,0,951,0,0,0,951
2021-10-10,SEA,1070,3,1,0,1074,0,0,0,1074
2010-06-21,SEA,920,55,8,2,985,0,0,0,985
2021-10-17,SEA,1090,2,2,0,1094,0,0,0,1094
2021-10-09,SEA,1012,12,3,0,1027,0,0,0,1027
2010-06-13,SEA,886,55,21,0,962,0,0,0,962
2010-06-12,SEA,828,57,20,0,905,0,0,0,905
2021-10-26,SEA,1048,11,4,0,1063,0,0,0,1063
2010-06-05,SEA,761,43,17,0,821,0,0,0,821
2021-10-25,SEA,1102,11,8,0,1121,0,0,0,1121
2010-06-06,SEA,849,54,4,0,907,0,0,0,907
2021-10-24,SEA,1091,2,5,0,1098,0,0,0,1098
2010-06-07,SEA,872,58,1,0,931,0,0,0,931
2021-10-23,SEA,1049,13,6,0,1068,0,0,0,1068
2010-06-08,SEA,865,59,11,0,935,0,0,0,935
2021-10-22,SEA,1065,12,11,0,1088,0,0,0,1088
2010-06-09,SEA,875,68,3,0,946,0,0,0,946
2021-10-21,SEA,1049,13,8,0,1070,0,0,0,1070
2010-06-10,SEA,918,64,11,0,993,0,0,0,993
2021-10-20,SEA,1059,19,3,0,1081,0,0,0,1081
2010-06-11,SEA,906,62,8,0,976,0,0,0,976
2021-10-19,SEA,1028,17,5,0,1050,0,0,0,1050
2021-10-18,SEA,1089,16,6,0,1111,0,0,0,1111
2010-06-22,SEA,914,61,12,2,989,0,0,0,989
2021-10-08,SEA,1093,14,5,0,1112,0,0,0,1112
2010-06-23,SEA,913,59,21,1,994,0,0,0,994
2021-09-27,SEA,1151,12,2,0,1165,0,0,0,1165
2010-07-04,SEA,784,50,4,0,838,0,0,0,838
2021-09-26,SEA,1133,1,1,0,1135,0,0,0,1135
2010-07-05,SEA,890,56,7,0,953,0,0,0,953
2021-09-25,SEA,1089,5,3,0,1097,0,0,0,1097
2010-07-06,SEA,902,59,22,0,983,0,0,0,983
2021-09-24,SEA,1167,16,9,0,1192,0,0,0,1192
2010-07-07,SEA,924,64,10,1,999,0,0,0,999
2021-09-23,SEA,1148,18,0,0,1166,0,0,0,1166
2010-07-08,SEA,938,62,29,6,1035,0,0,0,1035
2021-09-22,SEA,1100,13,15,0,1128,0,0,0,1128
2010-07-09,SEA,918,61,20,0,999,0,0,0,999
2021-09-21,SEA,1112,16,5,0,1133,0,0,0,1133
2010-07-10,SEA,844,55,16,2,917,0,0,0,917
2021-09-20,SEA,1133,16,4,0,1153,0,0,0,1153
2010-07-03,SEA,849,54,13,0,916,0,0,0,916
2021-09-28,SEA,1102,12,5,0,1119,0,0,0,1119
2010-07-02,SEA,925,58,6,0,989,0,0,0,989
2021-09-29,SEA,1102,13,2,0,1117,0,0,0,1117
2021-10-07,SEA,1099,15,4,0,1118,0,0,0,1118
2010-06-24,SEA,915,63,13,1,992,0,0,0,992
2021-10-06,SEA,1104,11,5,0,1120,0,0,0,1120
2010-06-25,SEA,951,58,8,0,1017,0,0,0,1017
2021-10-05,SEA,1099,13,3,0,1115,0,0,0,1115
2010-06-26,SEA,846,53,14,3,916,0,0,0,916
2021-10-04,SEA,1146,12,4,0,1162,0,0,0,1162
2021-09-19,SEA,1144,5,1,0,1150,0,0,0,1150
2010-06-27,SEA,885,53,14,0,952,0,0,0,952
2010-06-28,SEA,912,56,11,0,979,0,0,0,979
2021-10-02,SEA,1083,12,6,0,1101,0,0,0,1101
2010-06-29,SEA,913,59,13,0,985,0,0,0,985
2021-10-01,SEA,1165,16,3,0,1184,0,0,0,1184
2010-06-30,SEA,928,60,13,0,1001,0,0,0,1001
2021-09-30,SEA,1159,16,2,0,1177,0,0,0,1177
2010-07-01,SEA,937,60,8,1,1006,0,0,0,1006
2021-10-03,SEA,1138,1,4,0,1143,0,0,0,1143
2010-08-19,SEA,909,59,16,2,986,0,0,0,986
2021-08-11,SEA,1159,20,11,0,1190,0,0,0,1190
2010-08-20,SEA,895,65,12,2,974,0,0,0,974
2010-10-08,SEA,821,54,7,0,882,0,0,0,882
2021-06-22,SEA,1177,16,6,0,1199,0,0,0,1199
2010-10-09,SEA,717,43,2,0,762,0,0,0,762
2021-06-21,SEA,1180,11,3,0,1194,0,0,0,1194
2010-10-10,SEA,788,52,11,0,851,0,0,0,851
2021-06-20,SEA,1172,3,2,0,1177,0,0,0,1177
2010-10-11,SEA,814,54,8,0,876,0,0,0,876
2021-06-19,SEA,1150,5,6,0,1161,0,0,0,1161
2010-10-12,SEA,811,59,14,0,884,0,0,0,884
2021-06-18,SEA,1200,16,11,1,1228,0,0,0,1228
2010-10-13,SEA,834,58,8,0,900,0,0,0,900
2021-06-17,SEA,1189,12,0,0,1201,0,0,0,1201
2010-10-14,SEA,827,52,8,0,887,0,0,0,887
2021-06-16,SEA,1129,12,2,1,1144,0,0,0,1144
2010-10-15,SEA,839,54,13,0,906,0,0,0,906
2021-06-23,SEA,1174,19,4,0,1197,0,0,0,1197
2021-06-15,SEA,1148,19,6,2,1175,0,0,0,1175
2010-10-07,SEA,819,62,16,0,897,0,0,0,897
2010-10-06,SEA,819,55,14,0,888,0,0,0,888
2021-07-02,SEA,1222,18,4,0,1244,0,0,0,1244
2010-09-29,SEA,837,58,7,1,903,0,0,0,903
2021-07-01,SEA,1198,21,5,0,1224,0,0,0,1224
2010-09-30,SEA,830,60,16,0,906,0,0,0,906
2021-06-30,SEA,1146,20,11,1,1178,0,0,0,1178
2010-10-01,SEA,834,56,10,2,902,0,0,0,902
2021-06-29,SEA,1123,15,4,0,1142,0,0,0,1142
2010-10-02,SEA,728,46,9,0,783,0,0,0,783
2021-06-28,SEA,1126,15,4,0,1145,0,0,0,1145
2010-10-03,SEA,796,49,2,0,847,0,0,0,847
2021-06-27,SEA,1142,10,3,0,1155,0,0,0,1155
2010-10-04,SEA,812,60,10,0,882,0,0,0,882
2021-06-26,SEA,1130,8,6,0,1144,0,0,0,1144
2010-10-05,SEA,804,59,14,0,877,0,0,0,877
2021-06-25,SEA,1185,16,2,0,1203,0,0,0,1203
2021-06-24,SEA,1181,16,4,0,1201,0,0,0,1201
2010-10-16,SEA,715,43,10,0,768,0,0,0,768
2021-06-14,SEA,1148,19,13,0,1180,0,0,0,1180
2010-10-17,SEA,794,48,20,0,862,0,0,0,862
2021-06-03,SEA,1096,19,9,0,1124,0,0,0,1124
2010-10-28,SEA,818,57,5,0,880,0,0,0,880
2021-06-02,SEA,1054,21,4,0,1079,0,0,0,1079
2010-10-29,SEA,813,54,16,4,887,0,0,0,887
2021-06-01,SEA,1033,19,3,1,1056,0,0,0,1056
2010-10-30,SEA,709,47,3,0,759,0,0,0,759
2021-05-31,SEA,1058,6,5,0,1069,0,0,0,1069
2010-10-31,SEA,771,34,9,0,814,0,0,0,814
2021-05-30,SEA,1045,2,4,0,1051,0,0,0,1051
2010-11-01,SEA,805,40,6,2,853,0,0,0,853
2021-05-29,SEA,1037,5,3,0,1045,0,0,0,1045
2010-11-02,SEA,786,48,10,2,846,0,0,0,846
2021-05-28,SEA,1082,12,0,0,1094,0,0,0,1094
2010-11-03,SEA,800,42,14,1,857,0,0,0,857
2021-05-27,SEA,1069,10,2,1,1082,0,0,0,1082
2010-10-27,SEA,814,47,14,0,875,0,0,0,875
2021-06-04,SEA,1110,15,6,0,1131,0,0,0,1131
2010-10-26,SEA,811,56,3,1,871,0,0,0,871
2021-06-05,SEA,1092,6,2,0,1100,0,0,0,1100
2021-06-13,SEA,1132,3,3,0,1138,0,0,0,1138
2010-10-18,SEA,813,54,8,1,876,0,0,0,876
2021-06-12,SEA,1121,17,3,0,1141,0,0,0,1141
2010-10-19,SEA,802,52,8,0,862,0,0,0,862
2021-06-11,SEA,1167,23,11,0,1201,0,0,0,1201
2010-10-20,SEA,820,57,15,0,892,0,0,0,892
2021-06-10,SEA,1151,16,3,1,1171,0,0,0,1171
2010-09-28,SEA,821,65,4,0,890,0,0,0,890
2010-10-21,SEA,825,51,4,0,880,0,0,0,880
2010-10-22,SEA,828,55,7,0,890,0,0,0,890
2021-06-08,SEA,1131,18,6,1,1156,0,0,0,1156
2010-10-23,SEA,711,44,5,0,760,0,0,0,760
2021-06-07,SEA,1138,10,2,0,1150,0,0,0,1150
2010-10-24,SEA,774,45,4,0,823,0,0,0,823
2021-06-06,SEA,1118,2,4,0,1124,0,0,0,1124
2010-10-25,SEA,805,54,6,1,866,0,0,0,866
2021-06-09,SEA,1140,13,6,0,1159,0,0,0,1159
2021-07-03,SEA,1155,9,3,0,1167,0,0,0,1167
2010-09-27,SEA,836,57,4,0,897,0,0,0,897
2021-07-04,SEA,1120,10,2,0,1132,0,0,0,1132
2021-07-31,SEA,1149,8,4,0,1161,0,0,0,1161
2010-08-31,SEA,877,66,5,0,948,0,0,0,948
2021-07-30,SEA,1185,17,4,0,1206,0,0,0,1206
2010-09-01,SEA,868,60,13,1,942,0,0,0,942
2021-07-29,SEA,1186,20,6,0,1212,0,0,0,1212
2010-09-02,SEA,870,58,12,1,941,0,0,0,941
2021-07-28,SEA,1163,13,6,0,1182,0,0,0,1182
2010-09-03,SEA,872,58,13,0,943,0,0,0,943
2021-07-27,SEA,1154,15,4,0,1173,0,0,0,1173
2010-09-04,SEA,753,39,9,0,801,0,0,0,801
2021-07-26,SEA,1173,15,5,0,1193,0,0,0,1193
2010-09-05,SEA,748,37,9,0,794,0,0,0,794
2021-07-25,SEA,1166,3,4,0,1173,0,0,0,1173
2010-09-06,SEA,844,52,5,0,901,0,0,0,901
2021-07-24,SEA,1150,8,4,0,1162,0,0,0,1162
2010-08-30,SEA,852,60,11,0,923,0,0,0,923
2021-08-01,SEA,1158,8,4,1,1171,0,0,0,1171
2010-08-29,SEA,834,48,14,0,896,0,0,0,896
2021-08-02,SEA,1161,16,9,1,1187,0,0,0,1187
2021-08-10,SEA,1178,18,6,3,1205,0,0,0,1205
2010-08-21,SEA,821,54,16,0,891,0,0,0,891
2021-08-09,SEA,1186,14,6,0,1206,0,0,0,1206
2010-08-22,SEA,829,51,9,0,889,0,0,0,889
2021-08-08,SEA,1195,7,2,0,1204,0,0,0,1204
2010-08-23,SEA,888,60,8,0,956,0,0,0,956
2021-08-07,SEA,1177,10,4,0,1191,0,0,0,1191
2010-09-07,SEA,815,61,5,0,881,0,0,0,881
2010-08-24,SEA,868,59,16,2,945,0,0,0,945
2010-08-25,SEA,863,77,28,0,968,0,0,0,968
2021-08-05,SEA,1213,23,2,0,1238,0,0,0,1238
2010-08-26,SEA,885,59,5,0,949,0,0,0,949
2021-08-04,SEA,1151,16,7,0,1174,0,0,0,1174
2010-08-27,SEA,875,61,13,1,950,0,0,0,950
2021-08-03,SEA,1144,16,8,0,1168,0,0,0,1168
2010-08-28,SEA,780,43,22,0,845,0,0,0,845
2021-08-06,SEA,1200,12,1,0,1213,0,0,0,1213
2010-06-04,SEA,860,58,10,0,928,0,0,0,928
2021-07-23,SEA,1193,19,5,0,1217,0,0,0,1217
2021-07-22,SEA,1176,21,3,0,1200,0,0,0,1200
2010-09-19,SEA,794,51,7,0,852,0,0,0,852
2021-07-11,SEA,1161,10,5,0,1176,0,0,0,1176
2010-09-20,SEA,818,63,9,1,891,0,0,0,891
2021-07-10,SEA,1154,7,3,0,1164,0,0,0,1164
2010-09-21,SEA,813,65,10,2,890,0,0,0,890
2021-07-09,SEA,1200,20,0,0,1220,0,0,0,1220
2010-09-22,SEA,829,63,19,0,911,0,0,0,911
2021-07-08,SEA,1187,17,4,2,1210,0,0,0,1210
2010-09-23,SEA,841,62,7,1,911,0,0,0,911
2021-07-07,SEA,1156,20,4,0,1180,0,0,0,1180
2010-09-24,SEA,839,58,6,0,903,0,0,0,903
2021-07-06,SEA,1157,21,1,0,1179,0,0,0,1179
2010-09-25,SEA,730,47,30,0,807,0,0,0,807
2021-07-05,SEA,1171,7,5,0,1183,0,0,0,1183
2010-09-26,SEA,797,53,6,0,856,0,0,0,856
2021-07-12,SEA,1176,13,10,0,1199,0,0,0,1199
2010-09-18,SEA,744,49,11,0,804,0,0,0,804
2021-07-13,SEA,1169,13,8,0,1190,0,0,0,1190
2010-09-17,SEA,871,66,4,0,941,0,0,0,941
2010-09-09,SEA,840,60,6,0,906,0,0,0,906
2021-07-21,SEA,1155,16,2,0,1173,0,0,0,1173
2010-09-10,SEA,837,60,8,0,905,0,0,0,905
2021-07-20,SEA,1173,19,6,0,1198,0,0,0,1198
2010-09-11,SEA,732,51,15,0,798,0,0,0,798
2021-07-19,SEA,1172,15,6,0,1193,0,0,0,1193
2010-09-12,SEA,790,51,14,0,855,0,0,0,855
2010-09-08,SEA,836,59,8,0,903,0,0,0,903
2021-07-18,SEA,1159,8,8,0,1175,0,0,0,1175
2021-07-17,SEA,1140,8,6,0,1154,0,0,0,1154
2010-09-14,SEA,824,71,13,0,908,0,0,0,908
2021-07-16,SEA,1192,13,19,0,1224,0,0,0,1224
2010-09-15,SEA,836,58,6,0,900,0,0,0,900
2021-07-15,SEA,1183,22,2,0,1207,0,0,0,1207
2010-09-16,SEA,840,60,3,1,904,0,0,0,904
2021-07-14,SEA,1152,23,6,0,1181,0,0,0,1181
2010-09-13,SEA,830,60,5,1,896,0,0,0,896
2021-10-27,SEA,1040,16,4,0,1060,0,0,0,1060
2010-06-03,SEA,855,62,7,1,925,0,0,0,925
2021-10-28,SEA,1118,12,1,0,1131,0,0,0,1131
2010-02-18,SEA,770,56,26,1,853,0,0,0,853
2022-02-09,SEA,933,15,7,0,955,0,0,0,955
2010-02-19,SEA,755,58,21,1,835,0,0,0,835
2022-02-08,SEA,914,13,15,0,942,0,0,0,942
2010-02-20,SEA,654,37,34,0,725,0,0,0,725
2022-02-07,SEA,997,10,4,0,1011,0,0,0,1011
2010-02-21,SEA,723,41,25,0,789,0,0,0,789
2022-02-06,SEA,985,0,0,0,985,0,0,0,985
2010-02-22,SEA,754,60,7,0,821,0,0,0,821
2022-02-05,SEA,898,5,1,0,904,0,0,0,904
2010-02-23,SEA,750,61,12,0,823,0,0,0,823
2022-02-04,SEA,982,11,8,0,1001,0,0,0,1001
2010-02-24,SEA,750,57,10,0,817,0,0,0,817
2022-02-03,SEA,970,11,0,0,981,0,0,0,981
2010-02-25,SEA,771,65,13,2,851,0,0,0,851
2022-02-10,SEA,1027,18,7,0,1052,0,0,0,1052
2022-02-02,SEA,927,14,1,2,944,0,0,0,944
2010-02-17,SEA,754,58,9,0,821,0,0,0,821
2010-02-16,SEA,752,53,6,0,811,0,0,0,811
2022-02-19,SEA,921,5,3,0,929,0,0,0,929
2010-02-09,SEA,711,58,11,1,781,0,0,0,781
2022-02-18,SEA,1044,11,5,0,1060,0,0,0,1060
2010-02-10,SEA,727,53,6,2,788,0,0,0,788
2022-02-17,SEA,1041,12,2,0,1055,0,0,0,1055
2010-02-11,SEA,742,57,6,0,805,0,0,0,805
2022-02-16,SEA,946,10,6,0,962,0,0,0,962
2010-02-12,SEA,759,54,15,0,828,0,0,0,828
2022-02-15,SEA,922,12,10,0,944,0,0,0,944
2010-02-13,SEA,658,38,9,0,705,0,0,0,705
2022-02-14,SEA,1006,11,5,0,1022,0,0,0,1022
2010-02-14,SEA,734,45,5,0,784,0,0,0,784
2022-02-13,SEA,965,3,1,0,969,0,0,0,969
2010-02-15,SEA,749,72,18,0,839,0,0,0,839
2022-02-12,SEA,880,8,0,0,888,0,0,0,888
2022-02-11,SEA,1028,12,4,0,1044,0,0,0,1044
2010-02-26,SEA,751,65,9,0,825,0,0,0,825
2022-02-01,SEA,906,12,4,0,922,0,0,0,922
2010-02-27,SEA,662,37,11,0,710,0,0,0,710
2022-01-21,SEA,994,18,0,0,1012,0,0,0,1012
2010-03-10,SEA,758,52,8,0,818,0,0,0,818
2022-01-20,SEA,1017,12,2,0,1031,0,0,0,1031
2010-03-11,SEA,765,50,3,0,818,0,0,0,818
2022-01-19,SEA,897,10,1,0,908,0,0,0,908
2010-03-12,SEA,755,50,0,0,805,0,0,0,805
2022-01-18,SEA,881,13,1,0,895,0,0,0,895
2010-03-13,SEA,663,32,8,0,703,0,0,0,703
2022-01-17,SEA,980,11,2,0,993,0,0,0,993
2010-03-14,SEA,734,36,20,0,790,0,0,0,790
2022-01-16,SEA,891,4,0,0,895,0,0,0,895
2010-03-15,SEA,773,52,10,1,836,0,0,0,836
2022-01-15,SEA,910,3,1,0,914,0,0,0,914
2010-03-16,SEA,776,55,0,2,833,0,0,0,833
2022-01-14,SEA,981,16,1,0,998,0,0,0,998
2010-03-09,SEA,758,53,3,0,814,0,0,0,814
2022-01-22,SEA,876,5,1,0,882,0,0,0,882
2010-03-08,SEA,745,49,8,0,802,0,0,0,802
2022-01-23,SEA,875,1,1,0,877,0,0,0,877
2022-01-31,SEA,989,13,2,0,1004,0,0,0,1004
2010-02-28,SEA,727,56,29,1,813,0,0,0,813
2022-01-30,SEA,946,5,2,0,953,0,0,0,953
2010-03-01,SEA,753,59,21,0,833,0,0,0,833
2022-01-29,SEA,849,5,0,0,854,0,0,0,854
2010-03-02,SEA,755,51,5,1,812,0,0,0,812
2022-01-28,SEA,994,17,4,0,1015,0,0,0,1015
2010-02-08,SEA,731,52,3,0,786,0,0,0,786
2010-03-03,SEA,752,54,3,0,809,0,0,0,809
2010-03-04,SEA,768,51,3,1,823,0,0,0,823
2022-01-26,SEA,931,16,5,0,952,0,0,0,952
2010-03-05,SEA,771,59,22,0,852,0,0,0,852
2022-01-25,SEA,887,17,2,0,906,0,0,0,906
2010-03-06,SEA,661,30,19,0,710,0,0,0,710
2022-01-24,SEA,984,7,0,0,991,0,0,0,991
2010-03-07,SEA,726,38,7,0,771,0,0,0,771
2022-01-27,SEA,1022,16,1,0,1039,0,0,0,1039
2022-02-20,SEA,954,5,2,0,961,0,0,0,961
2010-02-07,SEA,702,34,5,1,742,0,0,0,742
2022-02-21,SEA,1003,8,5,0,1016,0,0,0,1016
2022-03-20,SEA,1052,4,2,0,1058,0,0,0,1058
2010-01-11,SEA,737,50,3,0,790,0,0,0,790
2022-03-19,SEA,978,5,1,2,986,0,0,0,986
2010-01-12,SEA,734,53,4,0,791,0,0,0,791
2022-03-18,SEA,1081,13,2,0,1096,0,0,0,1096
2010-01-13,SEA,753,46,6,0,805,0,0,0,805
2022-03-17,SEA,1090,15,1,0,1106,0,0,0,1106
2010-01-14,SEA,752,53,5,0,810,0,0,0,810
2022-03-16,SEA,982,24,9,0,1015,0,0,0,1015
2010-01-15,SEA,750,51,5,1,807,0,0,0,807
2022-03-15,SEA,983,10,3,1,997,0,0,0,997
2010-01-16,SEA,611,31,0,2,644,0,0,0,644
2022-03-14,SEA,1030,13,5,0,1048,0,0,0,1048
2010-01-17,SEA,706,32,2,0,740,0,0,0,740
2022-03-13,SEA,1003,10,1,0,1014,0,0,0,1014
2010-01-10,SEA,711,37,8,0,756,0,0,0,756
2022-03-21,SEA,1069,9,3,0,1081,0,0,0,1081
2010-01-09,SEA,640,24,7,0,671,0,0,0,671
2022-03-22,SEA,1048,12,3,0,1063,0,0,0,1063
2022-03-30,SEA,1049,10,6,0,1065,0,0,0,1065
2010-01-01,SEA,712,39,2,0,753,0,0,0,753
2022-03-29,SEA,1055,13,5,0,1073,0,0,0,1073
2010-01-02,SEA,767,43,5,2,817,0,0,0,817
2022-03-28,SEA,1069,11,2,1,1083,0,0,0,1083
2010-01-03,SEA,778,41,7,0,826,0,0,0,826
2022-03-27,SEA,1018,4,3,0,1025,0,0,0,1025
2010-01-18,SEA,732,51,11,0,794,0,0,0,794
2010-01-04,SEA,793,51,4,0,848,0,0,0,848
2010-01-05,SEA,767,55,0,0,822,0,0,0,822
2022-03-25,SEA,1084,11,3,0,1098,0,0,0,1098
2010-01-06,SEA,755,50,9,0,814,0,0,0,814
2022-03-24,SEA,1100,13,4,0,1117,0,0,0,1117
2010-01-07,SEA,750,54,7,0,811,0,0,0,811
2022-03-23,SEA,1059,10,2,0,1071,0,0,0,1071
2010-01-08,SEA,748,53,2,0,803,0,0,0,803
2022-03-26,SEA,985,6,2,0,993,0,0,0,993
2010-03-17,SEA,777,55,7,1,840,0,0,0,840
2022-03-12,SEA,916,5,4,0,925,0,0,0,925
2022-03-11,SEA,1054,13,3,0,1070,0,0,0,1070
2010-01-30,SEA,615,29,3,0,647,0,0,0,647
2022-02-28,SEA,1045,12,2,0,1059,0,0,0,1059
2010-01-31,SEA,707,33,2,0,742,0,0,0,742
2022-02-27,SEA,1012,0,2,0,1014,0,0,0,1014
2010-02-01,SEA,738,51,5,0,794,0,0,0,794
2022-02-26,SEA,935,8,3,0,946,0,0,0,946
2010-02-02,SEA,733,54,9,1,797,0,0,0,797
2022-02-25,SEA,1046,10,5,0,1061,0,0,0,1061
2010-02-03,SEA,738,47,2,0,787,0,0,0,787
2022-02-24,SEA,1019,10,4,3,1036,0,0,0,1036
2010-02-04,SEA,738,53,8,0,799,0,0,0,799
2022-02-23,SEA,972,12,4,0,988,0,0,0,988
2010-02-05,SEA,736,52,9,0,797,0,0,0,797
2022-02-22,SEA,985,10,4,1,1000,0,0,0,1000
2010-02-06,SEA,608,26,6,0,640,0,0,0,640
2022-03-01,SEA,977,17,0,0,994,0,0,0,994
2010-01-29,SEA,738,50,5,0,793,0,0,0,793
2022-03-02,SEA,961,14,6,1,982,0,0,0,982
2010-01-28,SEA,751,54,3,1,809,0,0,0,809
2010-01-20,SEA,735,53,9,1,798,0,0,0,798
2022-03-10,SEA,1045,15,2,0,1062,0,0,0,1062
2010-01-21,SEA,728,55,8,0,791,0,0,0,791
2022-03-09,SEA,960,11,3,0,974,0,0,0,974
2010-01-22,SEA,757,60,20,0,837,0,0,0,837
2022-03-08,SEA,964,10,3,0,977,0,0,0,977
2010-01-23,SEA,619,29,5,0,653,0,0,0,653
2010-01-19,SEA,728,55,11,0,794,0,0,0,794
2022-03-07,SEA,1017,9,3,0,1029,0,0,0,1029
2022-03-06,SEA,989,6,2,0,997,0,0,0,997
2010-01-25,SEA,736,53,4,0,793,0,0,0,793
2022-03-05,SEA,896,6,4,0,906,0,0,0,906
2010-01-26,SEA,726,55,9,0,790,0,0,0,790
2022-03-04,SEA,1014,10,1,0,1025,0,0,0,1025
2010-01-27,SEA,750,53,5,1,809,0,0,0,809
2022-03-03,SEA,1035,12,2,0,1049,0,0,0,1049
2010-01-24,SEA,704,34,4,0,742,0,0,0,742
2010-11-04,SEA,816,45,13,1,875,0,0,0,875
2022-01-13,SEA,1022,12,6,2,1042,0,0,0,1042
2022-01-12,SEA,949,10,42,1,1002,0,0,0,1002
2021-11-24,SEA,1061,18,4,0,1083,0,0,0,1083
2010-05-07,SEA,802,55,15,0,872,0,0,0,872
2021-11-23,SEA,1028,12,6,2,1048,0,0,0,1048
2010-05-08,SEA,694,40,15,1,750,0,0,0,750
2021-11-22,SEA,1039,12,0,0,1051,0,0,0,1051
2010-05-09,SEA,783,44,10,0,837,0,0,0,837
2021-11-21,SEA,1046,5,2,0,1053,0,0,0,1053
2010-05-10,SEA,799,56,3,2,860,0,0,0,860
2021-11-20,SEA,1028,11,5,2,1046,0,0,0,1046
2010-05-11,SEA,805,57,8,0,870,0,0,0,870
2021-11-19,SEA,1043,14,10,1,1068,0,0,0,1068
2010-05-12,SEA,797,59,18,0,874,0,0,0,874
2021-11-18,SEA,1057,13,5,0,1075,0,0,0,1075
2010-05-13,SEA,817,55,18,0,890,0,0,0,890
2021-11-17,SEA,1001,16,2,0,1019,0,0,0,1019
2010-05-06,SEA,799,55,15,0,869,0,0,0,869
2010-05-14,SEA,819,58,22,0,899,0,0,0,899
2021-11-25,SEA,680,1,3,0,684,0,0,0,684
2021-11-26,SEA,914,17,2,0,933,0,0,0,933
2010-04-27,SEA,771,52,7,0,830,0,0,0,830
2021-12-03,SEA,1021,16,2,0,1039,0,0,0,1039
2010-04-28,SEA,769,52,6,0,827,0,0,0,827
2021-12-02,SEA,1035,14,1,0,1050,0,0,0,1050
2010-04-29,SEA,782,51,4,0,837,0,0,0,837
2021-12-01,SEA,960,15,5,0,980,0,0,0,980
2010-04-30,SEA,783,51,10,1,845,0,0,0,845
2021-11-30,SEA,1025,13,3,0,1041,0,0,0,1041
2010-05-01,SEA,631,36,4,0,671,0,0,0,671
2021-11-29,SEA,1062,13,6,0,1081,0,0,0,1081
2010-05-02,SEA,738,45,2,0,785,0,0,0,785
2021-11-28,SEA,1080,1,0,0,1081,0,0,0,1081
2010-05-03,SEA,774,56,4,0,834,0,0,0,834
2021-11-27,SEA,1033,5,1,0,1039,0,0,0,1039
2010-05-04,SEA,785,57,5,0,847,0,0,0,847
2010-05-05,SEA,782,54,5,0,841,0,0,0,841
2021-11-16,SEA,985,16,3,0,1004,0,0,0,1004
2010-05-15,SEA,740,40,27,0,807,0,0,0,807
2021-11-15,SEA,1057,6,4,0,1067,0,0,0,1067
2010-05-26,SEA,809,57,2,0,868,0,0,0,868
2021-11-04,SEA,1071,16,4,0,1091,0,0,0,1091
2010-05-27,SEA,858,59,8,0,925,0,0,0,925
2021-11-03,SEA,1024,12,2,0,1038,0,0,0,1038
2010-05-28,SEA,864,53,7,0,924,0,0,0,924
2021-11-02,SEA,1028,17,3,0,1048,0,0,0,1048
2010-05-29,SEA,754,37,1,0,792,0,0,0,792
2021-11-01,SEA,1046,15,2,0,1063,0,0,0,1063
2010-05-30,SEA,753,33,7,0,793,0,0,0,793
2021-10-31,SEA,1007,6,2,0,1015,0,0,0,1015
2010-05-31,SEA,819,45,5,0,869,0,0,0,869
2021-10-30,SEA,1012,7,2,0,1021,0,0,0,1021
2010-06-01,SEA,829,60,6,0,895,0,0,0,895
2021-10-29,SEA,1099,14,4,0,1117,0,0,0,1117
2010-06-02,SEA,831,65,3,0,899,0,0,0,899
2021-11-05,SEA,1081,20,5,0,1106,0,0,0,1106
2010-05-25,SEA,822,56,7,0,885,0,0,0,885
2021-11-06,SEA,1009,4,1,0,1014,0,0,0,1014
2010-05-24,SEA,814,57,16,0,887,0,0,0,887
2010-05-16,SEA,808,47,5,0,860,0,0,0,860
2021-11-14,SEA,1053,7,0,0,1060,0,0,0,1060
2010-05-17,SEA,800,56,11,0,867,0,0,0,867
2021-11-13,SEA,968,4,2,2,976,0,0,0,976
2010-05-18,SEA,824,57,5,0,886,0,0,0,886
2021-11-12,SEA,1080,10,3,0,1093,0,0,0,1093
2010-05-19,SEA,825,63,6,0,894,0,0,0,894
2021-12-04,SEA,924,9,0,0,933,0,0,0,933
2021-11-11,SEA,1062,14,6,0,1082,0,0,0,1082
2021-11-10,SEA,999,11,3,0,1013,0,0,0,1013
2010-05-21,SEA,824,53,9,0,886,0,0,0,886
2021-11-09,SEA,994,11,3,0,1008,0,0,0,1008
2010-05-22,SEA,746,38,9,2,795,0,0,0,795
2021-11-08,SEA,1048,12,0,0,1060,0,0,0,1060
2010-05-23,SEA,803,44,6,0,853,0,0,0,853
2021-11-07,SEA,1047,0,3,0,1050,0,0,0,1050
2010-05-20,SEA,836,55,3,0,894,0,0,0,894
2010-04-26,SEA,768,50,4,0,822,0,0,0,822
2021-12-05,SEA,994,2,1,1,998,0,0,0,998
2010-04-25,SEA,754,39,16,0,809,0,0,0,809
2010-03-29,SEA,756,51,3,0,810,0,0,0,810
2022-01-01,SEA,779,4,0,0,783,0,0,0,783
2010-03-30,SEA,770,55,3,0,828,0,0,0,828
2021-12-31,SEA,782,7,4,0,793,0,0,0,793
2010-03-31,SEA,771,52,9,0,832,0,0,0,832
2021-12-30,SEA,726,8,4,0,738,0,0,0,738
2010-04-01,SEA,780,49,9,0,838,0,0,0,838
2021-12-29,SEA,806,17,0,0,823,0,0,0,823
2010-04-02,SEA,778,48,3,0,829,0,0,0,829
2021-12-28,SEA,697,6,2,0,705,0,0,0,705
2010-04-03,SEA,676,31,0,0,707,0,0,0,707
2021-12-27,SEA,707,15,4,0,726,0,0,0,726
2010-04-04,SEA,738,35,3,0,776,0,0,0,776
2021-12-26,SEA,504,1,8,0,513,0,0,0,513
2010-04-05,SEA,764,54,6,0,824,0,0,0,824
2022-01-02,SEA,931,1,1,0,933,0,0,0,933
2010-03-28,SEA,742,38,4,0,784,0,0,0,784
2022-01-03,SEA,910,10,1,0,921,0,0,0,921
2010-03-27,SEA,692,33,12,0,737,0,0,0,737
2010-03-19,SEA,779,49,16,0,844,0,0,0,844
2022-01-11,SEA,923,10,1,0,934,0,0,0,934
2010-03-20,SEA,692,32,16,0,740,0,0,0,740
2022-01-10,SEA,1020,10,4,0,1034,0,0,0,1034
2010-03-21,SEA,757,38,5,0,800,0,0,0,800
2022-01-09,SEA,965,4,2,0,971,0,0,0,971
2010-03-22,SEA,775,51,5,0,831,0,0,0,831
2021-12-25,SEA,787,0,0,0,787,0,0,0,787
2022-01-08,SEA,859,4,0,0,863,0,0,0,863
2022-01-07,SEA,961,16,6,0,983,0,0,0,983
2010-03-24,SEA,773,53,12,0,838,0,0,0,838
2022-01-06,SEA,931,11,0,0,942,0,0,0,942
2010-03-25,SEA,775,52,2,0,829,0,0,0,829
2022-01-05,SEA,868,14,1,0,883,0,0,0,883
2010-03-26,SEA,785,50,10,0,845,0,0,0,845
2022-01-04,SEA,850,15,2,0,867,0,0,0,867
2010-03-23,SEA,768,57,11,1,837,0,0,0,837
2010-03-18,SEA,791,61,32,1,885,0,0,0,885
2010-04-06,SEA,772,52,5,0,829,0,0,0,829
2010-04-07,SEA,769,51,5,0,825,0,0,0,825
2021-12-13,SEA,994,11,3,0,1008,0,0,0,1008
2010-04-18,SEA,743,39,21,0,803,0,0,0,803
2021-12-12,SEA,996,3,3,0,1002,0,0,0,1002
2010-04-19,SEA,758,54,7,2,821,0,0,0,821
2021-12-11,SEA,933,14,0,0,947,0,0,0,947
2010-04-20,SEA,762,63,3,0,828,0,0,0,828
2021-12-10,SEA,1010,21,1,0,1032,0,0,0,1032
2010-04-21,SEA,769,53,10,1,833,0,0,0,833
2021-12-09,SEA,1030,15,2,0,1047,0,0,0,1047
2010-04-22,SEA,791,51,6,1,849,0,0,0,849
2021-12-08,SEA,967,18,7,0,992,0,0,0,992
2010-04-23,SEA,786,52,8,0,846,0,0,0,846
2021-12-07,SEA,971,15,5,0,991,0,0,0,991
2010-04-24,SEA,688,29,3,0,720,0,0,0,720
2021-12-06,SEA,980,10,1,1,992,0,0,0,992
2010-04-17,SEA,674,30,12,2,718,0,0,0,718
2021-12-14,SEA,946,13,5,0,964,0,0,0,964
2010-04-16,SEA,765,53,12,0,830,0,0,0,830
2021-12-15,SEA,956,17,3,1,977,0,0,0,977
2021-12-23,SEA,1036,15,3,1,1055,0,0,0,1055
2010-04-08,SEA,772,53,3,0,828,0,0,0,828
2021-12-22,SEA,983,16,4,0,1003,0,0,0,1003
2010-04-09,SEA,780,58,15,0,853,0,0,0,853
2021-12-21,SEA,987,12,1,0,1000,0,0,0,1000
2010-04-10,SEA,686,32,13,0,731,0,0,0,731
2021-12-20,SEA,1017,13,2,0,1032,0,0,0,1032
2021-12-24,SEA,907,14,1,0,922,0,0,0,922
2010-04-11,SEA,739,37,12,0,788,0,0,0,788
2010-04-12,SEA,766,50,7,0,823,0,0,0,823
2021-12-18,SEA,989,0,1,0,990,0,0,0,990
2010-04-13,SEA,773,52,5,2,832,0,0,0,832
2021-12-17,SEA,1034,13,7,0,1054,0,0,0,1054
2010-04-14,SEA,766,56,27,4,853,0,0,0,853
2021-12-16,SEA,1034,16,1,0,1051,0,0,0,1051
2010-04-15,SEA,776,54,10,1,841,0,0,0,841
2021-12-19,SEA,995,2,0,0,997,0,0,0,997
2021-05-26,SEA,1030,19,3,0,1052,0,0,0,1052
2010-11-05,SEA,804,43,1,1,849,0,0,0,849
2021-05-25,SEA,1035,16,2,0,1053,0,0,0,1053
2020-11-02,SEA,823,11,0,0,834,0,0,0,834
2011-05-29,SEA,774,29,11,0,814,0,0,0,814
2020-11-01,SEA,828,2,2,0,832,0,0,0,832
2011-05-30,SEA,825,31,14,1,871,0,0,0,871
2020-10-31,SEA,748,5,0,0,753,0,0,0,753
2011-05-31,SEA,834,49,12,0,895,0,0,0,895
2020-10-30,SEA,851,13,2,0,866,0,0,0,866
2011-06-01,SEA,861,49,7,0,917,0,0,0,917
2020-10-29,SEA,838,13,10,0,861,0,0,0,861
2011-06-02,SEA,870,48,16,2,936,0,0,0,936
2020-10-28,SEA,807,14,1,0,822,0,0,0,822
2011-06-03,SEA,876,47,15,0,938,0,0,0,938
2020-10-27,SEA,801,14,3,0,818,0,0,0,818
2011-06-04,SEA,740,37,32,1,810,0,0,0,810
2020-10-26,SEA,808,13,9,0,830,0,0,0,830
2011-05-28,SEA,726,30,7,0,763,0,0,0,763
2011-06-05,SEA,850,39,24,0,913,0,0,0,913
2020-11-03,SEA,775,13,3,0,791,0,0,0,791
2020-11-04,SEA,795,13,0,0,808,0,0,0,808
2011-05-19,SEA,848,54,29,2,933,0,0,0,933
2020-11-11,SEA,825,13,6,0,844,0,0,0,844
2011-05-20,SEA,847,45,17,0,909,0,0,0,909
2020-11-10,SEA,808,14,1,0,823,0,0,0,823
2011-05-21,SEA,740,32,15,2,789,0,0,0,789
2020-11-09,SEA,837,11,2,1,851,0,0,0,851
2011-05-22,SEA,801,34,9,0,844,0,0,0,844
2020-11-08,SEA,861,5,1,0,867,0,0,0,867
2011-05-23,SEA,823,45,11,0,879,0,0,0,879
2020-11-07,SEA,790,7,0,0,797,0,0,0,797
2011-05-24,SEA,829,47,10,0,886,0,0,0,886
2020-11-06,SEA,850,13,1,0,864,0,0,0,864
2011-05-25,SEA,821,47,5,0,873,0,0,0,873
2020-11-05,SEA,845,13,4,0,862,0,0,0,862
2011-05-26,SEA,851,46,4,0,901,0,0,0,901
2011-05-27,SEA,867,48,3,0,918,0,0,0,918
2020-10-25,SEA,829,1,3,0,833,0,0,0,833
2011-06-06,SEA,873,50,12,1,936,0,0,0,936
2020-10-24,SEA,814,6,4,0,824,0,0,0,824
2011-06-17,SEA,914,45,19,0,978,0,0,0,978
2020-10-13,SEA,836,12,2,0,850,0,0,0,850
2011-06-18,SEA,864,48,3,0,915,0,0,0,915
2020-10-12,SEA,847,13,6,0,866,0,0,0,866
2011-06-19,SEA,899,40,8,0,947,0,0,0,947
2020-10-11,SEA,861,1,2,0,864,0,0,0,864
2011-06-20,SEA,923,51,34,3,1011,0,0,0,1011
2020-10-10,SEA,816,5,0,0,821,0,0,0,821
2011-06-21,SEA,907,51,11,0,969,0,0,0,969
2020-10-09,SEA,873,11,3,2,889,0,0,0,889
2011-06-22,SEA,933,52,7,0,992,0,0,0,992
2020-10-08,SEA,856,12,3,0,871,0,0,0,871
2011-06-23,SEA,943,60,12,2,1017,0,0,0,1017
2020-10-07,SEA,823,14,2,0,839,0,0,0,839
2011-06-24,SEA,934,50,5,0,989,0,0,0,989
2020-10-14,SEA,822,15,4,0,841,0,0,0,841
2011-06-16,SEA,918,55,13,1,987,0,0,0,987
2020-10-15,SEA,862,19,10,1,892,0,0,0,892
2011-06-15,SEA,923,49,8,0,980,0,0,0,980
2011-06-07,SEA,863,48,1,0,912,0,0,0,912
2020-10-23,SEA,864,13,3,0,880,0,0,0,880
2011-06-08,SEA,873,48,9,0,930,0,0,0,930
2020-10-22,SEA,868,19,1,1,889,0,0,0,889
2011-06-09,SEA,899,52,13,0,964,0,0,0,964
2020-10-21,SEA,832,16,2,0,850,0,0,0,850
2011-06-10,SEA,930,50,6,4,990,0,0,0,990
2020-11-12,SEA,866,15,4,0,885,0,0,0,885
2020-10-20,SEA,815,13,4,1,833,0,0,0,833
2020-10-19,SEA,843,14,3,0,860,0,0,0,860
2011-06-12,SEA,891,40,18,0,949,0,0,0,949
2020-10-18,SEA,864,2,1,2,869,0,0,0,869
2011-06-13,SEA,905,52,14,0,971,0,0,0,971
2020-10-17,SEA,834,7,4,0,845,0,0,0,845
2011-06-14,SEA,911,49,11,2,973,0,0,0,973
2020-10-16,SEA,885,14,5,3,907,0,0,0,907
2011-06-11,SEA,845,43,9,0,897,0,0,0,897
2011-05-18,SEA,841,49,11,3,904,0,0,0,904
2020-11-13,SEA,866,14,4,0,884,0,0,0,884
2011-05-17,SEA,826,58,12,0,896,0,0,0,896
2011-04-20,SEA,810,36,11,0,857,0,0,0,857
2020-12-10,SEA,820,12,0,0,832,0,0,0,832
2011-04-21,SEA,822,38,10,2,872,0,0,0,872
2020-12-09,SEA,788,12,0,0,800,0,0,0,800
2011-04-22,SEA,804,36,13,0,853,0,0,0,853
2020-12-08,SEA,781,14,0,0,795,0,0,0,795
2011-04-23,SEA,704,23,20,0,747,0,0,0,747
2020-12-07,SEA,808,17,0,0,825,0,0,0,825
2011-04-24,SEA,767,24,1,1,793,0,0,0,793
2020-12-06,SEA,843,2,0,0,845,0,0,0,845
2011-04-25,SEA,782,36,7,1,826,0,0,0,826
2020-12-05,SEA,747,10,5,0,762,0,0,0,762
2011-04-26,SEA,799,37,10,0,846,0,0,0,846
2020-12-04,SEA,832,14,9,0,855,0,0,0,855
2011-04-27,SEA,818,40,7,0,865,0,0,0,865
2020-12-11,SEA,834,19,2,0,855,0,0,0,855
2011-04-19,SEA,789,40,7,1,837,0,0,0,837
2020-12-12,SEA,744,5,5,0,754,0,0,0,754
2011-04-18,SEA,797,33,3,2,835,0,0,0,835
2011-04-10,SEA,768,29,5,0,802,0,0,0,802
2020-12-20,SEA,896,3,0,0,899,0,0,0,899
2011-04-11,SEA,795,37,6,0,838,0,0,0,838
2020-12-19,SEA,849,11,2,0,862,0,0,0,862
2011-04-12,SEA,791,38,10,0,839,0,0,0,839
2020-12-18,SEA,912,18,1,0,931,0,0,0,931
2011-04-13,SEA,799,37,6,0,842,0,0,0,842
2020-12-03,SEA,836,12,4,4,856,0,0,0,856
2020-12-17,SEA,859,16,2,0,877,0,0,0,877
2020-12-16,SEA,784,14,0,0,798,0,0,0,798
2011-04-15,SEA,805,37,5,0,847,0,0,0,847
2020-12-15,SEA,778,17,0,0,795,0,0,0,795
2011-04-16,SEA,718,23,13,0,754,0,0,0,754
2020-12-14,SEA,812,14,2,0,828,0,0,0,828
2011-04-17,SEA,768,23,12,0,803,0,0,0,803
2020-12-13,SEA,837,1,0,0,838,0,0,0,838
2011-04-14,SEA,818,39,11,0,868,0,0,0,868
2020-10-06,SEA,805,12,0,0,817,0,0,0,817
2011-04-28,SEA,828,38,8,0,874,0,0,0,874
2011-04-29,SEA,824,34,13,0,871,0,0,0,871
2020-11-21,SEA,860,6,3,0,869,0,0,0,869
2011-05-10,SEA,807,49,10,0,866,0,0,0,866
2020-11-20,SEA,904,16,2,0,922,0,0,0,922
2011-05-11,SEA,804,47,2,0,853,0,0,0,853
2020-11-19,SEA,868,16,0,0,884,0,0,0,884
2011-05-12,SEA,839,51,10,1,901,0,0,0,901
2020-11-18,SEA,833,15,2,0,850,0,0,0,850
2011-05-13,SEA,844,49,13,0,906,0,0,0,906
2020-11-17,SEA,803,14,1,0,818,0,0,0,818
2011-05-14,SEA,712,41,16,0,769,0,0,0,769
2020-11-16,SEA,833,14,0,0,847,0,0,0,847
2011-05-15,SEA,806,45,7,0,858,0,0,0,858
2020-11-15,SEA,865,0,2,0,867,0,0,0,867
2011-05-16,SEA,829,53,4,2,888,0,0,0,888
2020-11-14,SEA,812,5,3,0,820,0,0,0,820
2011-05-09,SEA,815,45,8,0,868,0,0,0,868
2020-11-22,SEA,902,2,0,0,904,0,0,0,904
2011-05-08,SEA,796,34,12,0,842,0,0,0,842
2020-11-23,SEA,872,13,0,0,885,0,0,0,885
2020-12-01,SEA,863,14,9,0,886,0,0,0,886
2011-04-30,SEA,716,24,7,1,748,0,0,0,748
2020-11-30,SEA,896,15,3,0,914,0,0,0,914
2011-05-01,SEA,782,25,17,0,824,0,0,0,824
2020-11-29,SEA,939,12,13,0,964,0,0,0,964
2011-05-02,SEA,813,44,8,0,865,0,0,0,865
2020-11-28,SEA,860,6,0,0,866,0,0,0,866
2020-12-02,SEA,797,12,4,2,815,0,0,0,815
2011-05-03,SEA,802,51,10,0,863,0,0,0,863
2011-05-04,SEA,816,47,21,0,884,0,0,0,884
2020-11-26,SEA,603,2,2,0,607,0,0,0,607
2011-05-05,SEA,829,49,3,0,881,0,0,0,881
2020-11-25,SEA,917,14,0,0,931,0,0,0,931
2011-05-06,SEA,824,42,5,0,871,0,0,0,871
2020-11-24,SEA,864,16,2,0,882,0,0,0,882
2011-05-07,SEA,714,35,7,0,756,0,0,0,756
2020-11-27,SEA,785,13,2,0,800,0,0,0,800
2020-12-21,SEA,864,17,2,0,883,0,0,0,883
2011-06-25,SEA,830,43,8,1,882,0,0,0,882
2011-06-26,SEA,889,45,23,0,957,0,0,0,957
2011-08-14,SEA,898,43,14,0,955,0,0,0,955
2020-08-16,SEA,872,9,3,0,884,0,0,0,884
2011-08-15,SEA,915,49,9,0,973,0,0,0,973
2020-08-15,SEA,852,12,4,0,868,0,0,0,868
2011-08-16,SEA,920,59,19,0,998,0,0,0,998
2020-08-14,SEA,894,15,11,0,920,0,0,0,920
2011-08-17,SEA,922,59,19,0,1000,0,0,0,1000
2020-08-13,SEA,892,20,6,0,918,0,0,0,918
2011-08-18,SEA,925,66,19,1,1011,0,0,0,1011
2020-08-12,SEA,849,18,4,4,875,0,0,0,875
2011-08-19,SEA,931,50,20,0,1001,0,0,0,1001
2020-08-11,SEA,840,11,6,1,858,0,0,0,858
2011-08-20,SEA,708,43,20,0,771,0,0,0,771
2020-08-10,SEA,875,22,9,1,907,0,0,0,907
2011-08-21,SEA,855,50,15,0,920,0,0,0,920
2020-08-17,SEA,851,11,7,0,869,0,0,0,869
2020-08-09,SEA,894,5,5,0,904,0,0,0,904
2011-08-13,SEA,859,46,24,0,929,0,0,0,929
2011-08-12,SEA,941,53,17,0,1011,0,0,0,1011
2020-08-26,SEA,830,16,30,0,876,0,0,0,876
2011-08-05,SEA,929,50,6,0,985,0,0,0,985
2020-08-25,SEA,825,14,6,0,845,0,0,0,845
2011-08-06,SEA,867,49,11,2,929,0,0,0,929
2020-08-24,SEA,845,10,6,0,861,0,0,0,861
2011-08-07,SEA,915,43,13,0,971,0,0,0,971
2020-08-23,SEA,857,7,4,0,868,0,0,0,868
2011-08-08,SEA,934,54,22,1,1011,0,0,0,1011
2020-08-22,SEA,843,12,4,2,861,0,0,0,861
2011-08-09,SEA,926,50,9,0,985,0,0,0,985
2020-08-21,SEA,881,12,4,0,897,0,0,0,897
2011-08-10,SEA,940,50,10,0,1000,0,0,0,1000
2020-08-20,SEA,866,12,4,0,882,0,0,0,882
2011-08-11,SEA,951,52,22,0,1025,0,0,0,1025
2020-08-19,SEA,834,23,6,2,865,0,0,0,865
2020-08-18,SEA,837,12,4,0,853,0,0,0,853
2011-08-22,SEA,914,50,10,2,976,0,0,0,976
2020-08-08,SEA,881,6,0,0,887,0,0,0,887
2011-08-23,SEA,901,52,5,1,959,0,0,0,959
2020-07-28,SEA,749,11,7,0,767,0,0,0,767
2011-09-03,SEA,753,32,25,0,810,0,0,0,810
2020-07-27,SEA,758,12,12,0,782,0,0,0,782
2011-09-04,SEA,751,34,15,0,800,0,0,0,800
2020-07-26,SEA,752,6,10,0,768,0,0,0,768
2011-09-05,SEA,870,39,17,0,926,0,0,0,926
2020-07-25,SEA,727,5,8,0,740,0,0,0,740
2011-09-06,SEA,852,53,10,0,915,0,0,0,915
2020-07-24,SEA,777,17,3,2,799,0,0,0,799
2011-09-07,SEA,862,49,18,0,929,0,0,0,929
2020-07-23,SEA,760,14,5,0,779,0,0,0,779
2011-09-08,SEA,866,46,14,2,928,0,0,0,928
2020-07-22,SEA,750,13,3,0,766,0,0,0,766
2011-09-09,SEA,872,46,8,0,926,0,0,0,926
2020-07-21,SEA,730,14,22,2,768,0,0,0,768
2011-09-02,SEA,899,50,13,0,962,0,0,0,962
2020-07-29,SEA,759,19,7,0,785,0,0,0,785
2011-09-01,SEA,895,49,11,0,955,0,0,0,955
2020-07-30,SEA,781,14,9,4,808,0,0,0,808
2020-08-07,SEA,913,12,3,0,928,0,0,0,928
2011-08-24,SEA,920,52,38,0,1010,0,0,0,1010
2020-08-06,SEA,903,13,8,0,924,0,0,0,924
2011-08-25,SEA,927,53,19,4,1003,0,0,0,1003
2020-08-05,SEA,859,15,16,1,891,0,0,0,891
2011-08-26,SEA,933,64,25,2,1024,0,0,0,1024
2020-08-04,SEA,856,16,12,1,885,0,0,0,885
2011-08-04,SEA,927,61,23,0,1011,0,0,0,1011
2011-08-27,SEA,809,47,23,0,879,0,0,0,879
2011-08-28,SEA,835,46,16,0,897,0,0,0,897
2020-08-02,SEA,888,1,3,0,892,0,0,0,892
2011-08-29,SEA,874,50,9,0,933,0,0,0,933
2020-08-01,SEA,818,12,6,0,836,0,0,0,836
2011-08-30,SEA,884,50,5,0,939,0,0,0,939
2020-07-31,SEA,790,14,14,0,818,0,0,0,818
2011-08-31,SEA,884,50,9,1,944,0,0,0,944
2020-08-03,SEA,896,14,5,1,916,0,0,0,916
2020-08-27,SEA,870,13,7,0,890,0,0,0,890
2011-08-03,SEA,927,57,14,0,998,0,0,0,998
2020-08-28,SEA,873,12,7,0,892,0,0,0,892
2020-09-24,SEA,834,14,1,0,849,0,0,0,849
2011-07-07,SEA,929,50,11,0,990,0,0,0,990
2020-09-23,SEA,815,12,2,0,829,0,0,0,829
2011-07-08,SEA,926,62,25,2,1015,0,0,0,1015
2020-09-22,SEA,806,15,6,2,829,0,0,0,829
2011-07-09,SEA,859,48,25,3,935,0,0,0,935
2020-09-21,SEA,823,13,5,0,841,0,0,0,841
2011-07-10,SEA,905,47,35,1,988,0,0,0,988
2020-09-20,SEA,833,2,4,0,839,0,0,0,839
2011-07-11,SEA,923,49,20,1,993,0,0,0,993
2020-09-19,SEA,811,6,2,0,819,0,0,0,819
2011-07-12,SEA,924,49,12,2,987,0,0,0,987
2020-09-18,SEA,854,10,0,0,864,0,0,0,864
2011-07-13,SEA,932,52,18,3,1005,0,0,0,1005
2020-09-17,SEA,828,10,3,0,841,0,0,0,841
2011-07-06,SEA,936,50,19,0,1005,0,0,0,1005
2020-09-25,SEA,867,12,1,0,880,0,0,0,880
2011-07-05,SEA,914,56,29,0,999,0,0,0,999
2020-09-26,SEA,804,7,4,0,815,0,0,0,815
2020-10-04,SEA,815,2,1,0,818,0,0,0,818
2011-06-27,SEA,926,48,21,0,995,0,0,0,995
2020-10-03,SEA,878,1,1,0,880,0,0,0,880
2011-06-28,SEA,914,53,15,2,984,0,0,0,984
2020-10-02,SEA,867,11,7,0,885,0,0,0,885
2011-06-29,SEA,927,55,10,0,992,0,0,0,992
2020-10-01,SEA,853,11,2,0,866,0,0,0,866
2011-07-14,SEA,927,53,11,2,993,0,0,0,993
2011-06-30,SEA,927,48,9,0,984,0,0,0,984
2011-07-01,SEA,948,51,20,0,1019,0,0,0,1019
2020-09-29,SEA,801,10,11,1,823,0,0,0,823
2011-07-02,SEA,855,44,22,0,921,0,0,0,921
2020-09-28,SEA,820,13,2,0,835,0,0,0,835
2011-07-03,SEA,831,50,19,0,900,0,0,0,900
2020-09-27,SEA,824,2,3,0,829,0,0,0,829
2011-07-04,SEA,827,38,8,0,873,0,0,0,873
2020-09-30,SEA,807,16,7,0,830,0,0,0,830
2020-10-05,SEA,823,10,3,0,836,0,0,0,836
2020-09-16,SEA,789,14,9,0,812,0,0,0,812
2020-09-15,SEA,735,13,5,0,753,0,0,0,753
2011-07-26,SEA,927,53,9,0,989,0,0,0,989
2020-09-04,SEA,880,12,9,0,901,0,0,0,901
2011-07-27,SEA,928,53,16,0,997,0,0,0,997
2020-09-03,SEA,871,14,12,0,897,0,0,0,897
2011-07-28,SEA,946,48,17,0,1011,0,0,0,1011
2020-09-02,SEA,828,12,5,2,847,0,0,0,847
2011-07-29,SEA,920,54,24,0,998,0,0,0,998
2020-09-01,SEA,825,16,6,0,847,0,0,0,847
2011-07-30,SEA,839,41,22,0,902,0,0,0,902
2020-08-31,SEA,858,18,9,1,886,0,0,0,886
2011-07-31,SEA,898,50,26,1,975,0,0,0,975
2020-08-30,SEA,858,6,5,1,870,0,0,0,870
2011-08-01,SEA,913,52,18,0,983,0,0,0,983
2020-08-29,SEA,842,12,6,0,860,0,0,0,860
2011-08-02,SEA,897,54,10,0,961,0,0,0,961
2020-09-05,SEA,818,13,5,0,836,0,0,0,836
2011-07-25,SEA,924,53,4,0,981,0,0,0,981
2020-09-06,SEA,811,6,6,0,823,0,0,0,823
2011-07-24,SEA,886,40,16,0,942,0,0,0,942
2011-07-16,SEA,847,49,8,0,904,0,0,0,904
2020-09-14,SEA,740,10,0,0,750,0,0,0,750
2011-07-17,SEA,903,43,8,1,955,0,0,0,955
2020-09-13,SEA,753,3,3,0,759,0,0,0,759
2011-07-18,SEA,923,48,18,2,991,0,0,0,991
2020-09-12,SEA,756,6,3,0,765,0,0,0,765
2011-07-19,SEA,927,54,13,4,998,0,0,0,998
2011-07-15,SEA,933,59,7,1,1000,0,0,0,1000
2020-09-11,SEA,839,13,2,0,854,0,0,0,854
2020-09-10,SEA,832,22,4,0,858,0,0,0,858
2011-07-21,SEA,937,53,10,3,1003,0,0,0,1003
2020-09-09,SEA,801,14,3,0,818,0,0,0,818
2011-07-22,SEA,922,47,23,0,992,0,0,0,992
2020-09-08,SEA,795,18,4,0,817,0,0,0,817
2011-07-23,SEA,792,45,22,0,859,0,0,0,859
2020-09-07,SEA,830,8,1,0,839,0,0,0,839
2011-07-20,SEA,935,52,13,0,1000,0,0,0,1000
2020-07-20,SEA,759,16,6,0,781,0,0,0,781
2011-04-09,SEA,704,27,10,0,741,0,0,0,741
2011-04-08,SEA,817,41,13,0,871,0,0,0,871
2021-04-06,SEA,940,15,1,0,956,0,0,0,956
2010-12-25,SEA,657,28,2,0,687,0,0,0,687
2021-04-05,SEA,966,15,9,0,990,0,0,0,990
2010-12-26,SEA,776,36,1,0,813,0,0,0,813
2021-04-04,SEA,960,0,1,1,962,0,0,0,962
2010-12-27,SEA,803,42,2,0,847,0,0,0,847
2021-04-03,SEA,871,4,4,1,880,0,0,0,880
2010-12-28,SEA,816,43,0,0,859,0,0,0,859
2021-04-02,SEA,973,13,2,0,988,0,0,0,988
2010-12-29,SEA,818,42,2,0,862,0,0,0,862
2021-04-01,SEA,961,11,1,2,975,0,0,0,975
2010-12-30,SEA,839,53,19,0,911,0,0,0,911
2021-03-31,SEA,916,14,3,0,933,0,0,0,933
2010-12-31,SEA,749,36,5,0,790,0,0,0,790
2021-03-30,SEA,907,12,2,2,923,0,0,0,923
2010-12-24,SEA,725,43,1,0,769,0,0,0,769
2011-01-01,SEA,696,27,7,0,730,0,0,0,730
2021-04-07,SEA,933,11,1,0,945,0,0,0,945
2021-04-08,SEA,976,12,0,0,988,0,0,0,988
2010-12-15,SEA,802,48,11,0,861,0,0,0,861
2021-04-15,SEA,988,19,9,2,1018,0,0,0,1018
2010-12-16,SEA,819,46,6,0,871,0,0,0,871
2021-04-14,SEA,927,14,9,0,950,0,0,0,950
2010-12-17,SEA,812,46,7,0,865,0,0,0,865
2021-04-13,SEA,946,12,9,0,967,0,0,0,967
2010-12-18,SEA,777,34,5,0,816,0,0,0,816
2021-04-12,SEA,994,11,2,0,1007,0,0,0,1007
2010-12-19,SEA,795,33,8,0,836,0,0,0,836
2021-04-11,SEA,962,2,3,0,967,0,0,0,967
2010-12-20,SEA,807,45,6,1,859,0,0,0,859
2021-04-10,SEA,886,8,3,0,897,0,0,0,897
2010-12-21,SEA,826,45,4,0,875,0,0,0,875
2021-04-09,SEA,997,13,2,0,1012,0,0,0,1012
2010-12-22,SEA,831,47,2,0,880,0,0,0,880
2010-12-23,SEA,839,42,3,0,884,0,0,0,884
2021-03-29,SEA,938,10,5,1,954,0,0,0,954
2011-01-02,SEA,793,39,21,1,854,0,0,0,854
2021-03-28,SEA,956,4,2,0,962,0,0,0,962
2011-01-13,SEA,771,45,3,0,819,0,0,0,819
2021-03-17,SEA,886,11,7,0,904,0,0,0,904
2011-01-14,SEA,779,42,4,0,825,0,0,0,825
2021-03-16,SEA,881,12,1,1,895,0,0,0,895
2011-01-15,SEA,635,29,0,0,664,0,0,0,664
2021-03-15,SEA,906,16,1,0,923,0,0,0,923
2011-01-16,SEA,726,29,0,0,755,0,0,0,755
2021-03-14,SEA,916,5,1,0,922,0,0,0,922
2011-01-17,SEA,748,47,3,0,798,0,0,0,798
2021-03-13,SEA,846,9,6,0,861,0,0,0,861
2011-01-18,SEA,752,53,6,0,811,0,0,0,811
2021-03-12,SEA,957,12,1,0,970,0,0,0,970
2011-01-19,SEA,759,49,22,1,831,0,0,0,831
2021-03-11,SEA,939,12,2,0,953,0,0,0,953
2011-01-20,SEA,768,43,6,1,818,0,0,0,818
2021-03-18,SEA,945,15,0,0,960,0,0,0,960
2011-01-12,SEA,769,42,0,0,811,0,0,0,811
2021-03-19,SEA,968,12,0,0,980,0,0,0,980
2011-01-11,SEA,725,44,7,0,776,0,0,0,776
2011-01-03,SEA,832,50,11,0,893,0,0,0,893
2021-03-27,SEA,858,4,5,0,867,0,0,0,867
2011-01-04,SEA,780,43,7,0,830,0,0,0,830
2021-03-26,SEA,960,14,3,0,977,0,0,0,977
2011-01-05,SEA,787,43,3,0,833,0,0,0,833
2021-03-25,SEA,944,16,2,0,962,0,0,0,962
2011-01-06,SEA,782,43,5,0,830,0,0,0,830
2021-04-16,SEA,1001,10,1,1,1013,0,0,0,1013
2021-03-24,SEA,894,12,5,0,911,0,0,0,911
2021-03-23,SEA,887,14,4,0,905,0,0,0,905
2011-01-08,SEA,667,32,2,0,701,0,0,0,701
2021-03-22,SEA,935,10,1,0,946,0,0,0,946
2011-01-09,SEA,717,28,2,0,747,0,0,0,747
2021-03-21,SEA,940,2,0,0,942,0,0,0,942
2011-01-10,SEA,752,41,2,0,795,0,0,0,795
2021-03-20,SEA,859,5,3,0,867,0,0,0,867
2011-01-07,SEA,782,41,3,0,826,0,0,0,826
2010-12-14,SEA,784,49,3,0,836,0,0,0,836
2021-04-17,SEA,921,4,0,0,925,0,0,0,925
2010-12-13,SEA,775,45,10,0,830,0,0,0,830
2010-11-16,SEA,783,44,4,0,831,0,0,0,831
2021-05-14,SEA,1029,20,4,0,1053,0,0,0,1053
2010-11-17,SEA,787,47,4,0,838,0,0,0,838
2021-05-13,SEA,1028,16,6,0,1050,0,0,0,1050
2010-11-18,SEA,814,47,6,1,868,0,0,0,868
2021-05-12,SEA,989,14,3,0,1006,0,0,0,1006
2010-11-19,SEA,796,41,9,0,846,0,0,0,846
2021-05-11,SEA,989,13,2,0,1004,0,0,0,1004
2010-11-20,SEA,743,32,4,0,779,0,0,0,779
2021-05-10,SEA,999,11,4,0,1014,0,0,0,1014
2010-11-21,SEA,765,29,4,0,798,0,0,0,798
2021-05-09,SEA,1009,4,3,0,1016,0,0,0,1016
2010-11-22,SEA,668,45,9,0,722,0,0,0,722
2021-05-08,SEA,964,8,2,0,974,0,0,0,974
2010-11-23,SEA,850,46,8,1,905,0,0,0,905
2021-05-15,SEA,980,10,4,0,994,0,0,0,994
2010-11-15,SEA,806,41,2,0,849,0,0,0,849
2021-05-16,SEA,1012,7,3,0,1022,0,0,0,1022
2010-11-14,SEA,792,30,2,0,824,0,0,0,824
2010-11-06,SEA,694,32,1,0,727,0,0,0,727
2021-05-24,SEA,1056,9,2,0,1067,0,0,0,1067
2010-11-07,SEA,778,28,3,0,809,0,0,0,809
2021-05-23,SEA,1073,1,2,1,1077,0,0,0,1077
2010-11-08,SEA,791,41,9,0,841,0,0,0,841
2021-05-22,SEA,1015,4,1,0,1020,0,0,0,1020
2010-11-09,SEA,776,43,2,0,821,0,0,0,821
2021-05-07,SEA,1017,14,2,0,1033,0,0,0,1033
2021-05-21,SEA,1082,14,4,0,1100,0,0,0,1100
2021-05-20,SEA,1078,12,3,0,1093,0,0,0,1093
2010-11-11,SEA,807,43,7,0,857,0,0,0,857
2021-05-19,SEA,1002,10,2,0,1014,0,0,0,1014
2010-11-12,SEA,790,44,6,0,840,0,0,0,840
2021-05-18,SEA,1010,17,8,0,1035,0,0,0,1035
2010-11-13,SEA,698,34,2,0,734,0,0,0,734
2021-05-17,SEA,1017,13,4,0,1034,0,0,0,1034
2010-11-10,SEA,794,43,6,0,843,0,0,0,843
2021-03-10,SEA,884,12,3,0,899,0,0,0,899
2010-11-24,SEA,807,43,1,0,851,0,0,0,851
2010-11-25,SEA,606,18,0,0,624,0,0,0,624
2021-04-25,SEA,991,1,3,0,995,0,0,0,995
2010-12-06,SEA,775,37,5,0,817,0,0,0,817
2021-04-24,SEA,912,5,0,0,917,0,0,0,917
2010-12-07,SEA,777,50,6,0,833,0,0,0,833
2021-04-23,SEA,1001,15,6,0,1022,0,0,0,1022
2010-12-08,SEA,783,43,7,0,833,0,0,0,833
2021-04-22,SEA,989,15,8,0,1012,0,0,0,1012
2010-12-09,SEA,797,44,5,1,847,0,0,0,847
2021-04-21,SEA,947,16,6,0,969,0,0,0,969
2010-12-10,SEA,782,39,8,0,829,0,0,0,829
2021-04-20,SEA,953,13,4,1,971,0,0,0,971
2010-12-11,SEA,667,32,1,0,700,0,0,0,700
2021-04-19,SEA,979,15,0,0,994,0,0,0,994
2010-12-12,SEA,737,31,1,0,769,0,0,0,769
2021-04-18,SEA,988,4,5,0,997,0,0,0,997
2010-12-05,SEA,753,28,12,0,793,0,0,0,793
2021-04-26,SEA,993,10,3,1,1007,0,0,0,1007
2010-12-04,SEA,682,33,19,0,734,0,0,0,734
2021-04-27,SEA,941,15,3,0,959,0,0,0,959
2021-05-05,SEA,970,12,9,0,991,0,0,0,991
2010-11-26,SEA,673,28,0,0,701,0,0,0,701
2021-05-04,SEA,956,15,4,0,975,0,0,0,975
2010-11-27,SEA,767,36,1,0,804,0,0,0,804
2021-05-03,SEA,983,12,6,0,1001,0,0,0,1001
2010-11-28,SEA,809,39,1,0,849,0,0,0,849
2021-05-02,SEA,977,2,4,0,983,0,0,0,983
2021-05-06,SEA,1006,12,2,0,1020,0,0,0,1020
2010-11-29,SEA,791,41,3,0,835,0,0,0,835
2010-11-30,SEA,779,44,2,0,825,0,0,0,825
2021-04-30,SEA,1010,15,2,0,1027,0,0,0,1027
2010-12-01,SEA,780,42,1,0,823,0,0,0,823
2021-04-29,SEA,986,18,5,1,1010,0,0,0,1010
2010-12-02,SEA,806,43,2,0,851,0,0,0,851
2021-04-28,SEA,943,17,2,0,962,0,0,0,962
2010-12-03,SEA,777,48,8,0,833,0,0,0,833
2021-05-01,SEA,919,13,5,0,937,0,0,0,937
2020-12-22,SEA,880,16,8,1,905,0,0,0,905
2011-01-21,SEA,776,45,2,2,825,0,0,0,825
2011-01-22,SEA,658,30,11,0,699,0,0,0,699
2011-03-12,SEA,688,26,3,0,717,0,0,0,717
2021-01-18,SEA,780,11,2,0,793,0,0,0,793
2011-03-13,SEA,748,27,3,0,778,0,0,0,778
2021-01-17,SEA,739,2,1,0,742,0,0,0,742
2011-03-14,SEA,788,40,9,0,837,0,0,0,837
2021-01-16,SEA,691,6,1,0,698,0,0,0,698
2011-03-15,SEA,787,42,7,0,836,0,0,0,836
2021-01-15,SEA,812,10,2,0,824,0,0,0,824
2011-03-16,SEA,799,42,11,1,853,0,0,0,853
2021-01-14,SEA,793,19,5,0,817,0,0,0,817
2011-03-17,SEA,807,38,8,0,853,0,0,0,853
2021-01-13,SEA,741,11,4,0,756,0,0,0,756
2011-03-18,SEA,790,38,8,0,836,0,0,0,836
2021-01-12,SEA,754,12,0,0,766,0,0,0,766
2011-03-19,SEA,707,33,10,0,750,0,0,0,750
2021-01-19,SEA,762,12,4,0,778,0,0,0,778
2021-01-11,SEA,773,14,2,0,789,0,0,0,789
2011-03-11,SEA,775,40,16,0,831,0,0,0,831
2011-03-10,SEA,790,41,15,0,846,0,0,0,846
2021-01-28,SEA,797,10,0,3,810,0,0,0,810
2011-03-03,SEA,787,38,9,0,834,0,0,0,834
2021-01-27,SEA,744,11,0,0,755,0,0,0,755
2011-03-04,SEA,767,37,4,0,808,0,0,0,808
2021-01-26,SEA,741,15,1,0,757,0,0,0,757
2011-03-05,SEA,676,27,14,0,717,0,0,0,717
2021-01-25,SEA,771,10,2,2,785,0,0,0,785
2011-03-06,SEA,753,31,20,0,804,0,0,0,804
2021-01-24,SEA,774,2,0,0,776,0,0,0,776
2011-03-07,SEA,766,35,0,0,801,0,0,0,801
2021-01-23,SEA,694,4,6,0,704,0,0,0,704
2011-03-08,SEA,773,42,3,0,818,0,0,0,818
2021-01-22,SEA,806,11,6,0,823,0,0,0,823
2011-03-09,SEA,773,46,8,0,827,0,0,0,827
2021-01-21,SEA,791,11,4,0,806,0,0,0,806
2021-01-20,SEA,746,12,1,0,759,0,0,0,759
2011-03-20,SEA,776,27,12,0,815,0,0,0,815
2021-01-10,SEA,806,1,4,0,811,0,0,0,811
2011-03-21,SEA,792,38,11,2,843,0,0,0,843
2020-12-30,SEA,883,12,0,0,895,0,0,0,895
2011-04-01,SEA,803,37,4,0,844,0,0,0,844
2020-12-29,SEA,873,12,1,0,886,0,0,0,886
2011-04-02,SEA,701,27,2,0,730,0,0,0,730
2020-12-28,SEA,862,13,2,2,879,0,0,0,879
2011-04-03,SEA,752,27,4,0,783,0,0,0,783
2020-12-27,SEA,877,3,4,0,884,0,0,0,884
2011-04-04,SEA,786,41,3,0,830,0,0,0,830
2020-12-26,SEA,815,9,2,0,826,0,0,0,826
2011-04-05,SEA,788,40,3,0,831,0,0,0,831
2020-12-25,SEA,665,0,0,0,665,0,0,0,665
2011-04-06,SEA,799,40,7,1,847,0,0,0,847
2020-12-24,SEA,728,20,4,0,752,0,0,0,752
2011-04-07,SEA,808,40,8,1,857,0,0,0,857
2020-12-23,SEA,907,19,3,0,929,0,0,0,929
2011-03-31,SEA,804,39,5,0,848,0,0,0,848
2020-12-31,SEA,731,11,0,0,742,0,0,0,742
2011-03-30,SEA,802,38,4,0,844,0,0,0,844
2021-01-01,SEA,721,1,2,0,724,0,0,0,724
2021-01-09,SEA,710,3,2,0,715,0,0,0,715
2011-03-22,SEA,793,41,9,0,843,0,0,0,843
2021-01-08,SEA,805,13,2,0,820,0,0,0,820
2012-06-12,SEA,901,48,3,0,952,0,0,0,952
2021-01-07,SEA,798,13,1,0,812,0,0,0,812
2011-03-24,SEA,825,41,5,2,873,0,0,0,873
2021-01-06,SEA,764,14,3,0,781,0,0,0,781
2011-03-02,SEA,770,40,2,0,812,0,0,0,812
2011-03-25,SEA,800,39,11,0,850,0,0,0,850
2011-03-26,SEA,598,31,7,0,636,0,0,0,636
2021-01-04,SEA,882,10,0,0,892,0,0,0,892
2011-03-27,SEA,782,28,3,0,813,0,0,0,813
2021-01-03,SEA,893,2,0,0,895,0,0,0,895
2011-03-28,SEA,798,39,0,0,837,0,0,0,837
2021-01-02,SEA,869,4,2,0,875,0,0,0,875
2011-03-29,SEA,788,37,2,0,827,0,0,0,827
2021-01-05,SEA,751,11,1,0,763,0,0,0,763
2021-01-29,SEA,801,13,2,0,816,0,0,0,816
2011-03-01,SEA,775,45,4,1,825,0,0,0,825
2021-01-30,SEA,695,6,1,0,702,0,0,0,702
2021-02-26,SEA,923,13,4,0,940,0,0,0,940
2011-02-02,SEA,709,39,8,0,756,0,0,0,756
2021-02-25,SEA,926,13,0,0,939,0,0,0,939
2011-02-03,SEA,750,40,4,0,794,0,0,0,794
2021-02-24,SEA,876,12,7,0,895,0,0,0,895
2011-02-04,SEA,749,37,4,0,790,0,0,0,790
2021-02-23,SEA,861,11,6,0,878,0,0,0,878
2011-02-05,SEA,635,35,3,0,673,0,0,0,673
2021-02-22,SEA,911,13,0,0,924,0,0,0,924
2011-02-06,SEA,727,29,14,0,770,0,0,0,770
2021-02-21,SEA,906,1,2,0,909,0,0,0,909
2011-02-07,SEA,751,42,7,1,801,0,0,0,801
2021-02-20,SEA,796,6,2,0,804,0,0,0,804
2011-02-08,SEA,755,45,20,1,821,0,0,0,821
2021-02-19,SEA,912,13,2,0,927,0,0,0,927
2011-02-01,SEA,695,40,12,0,747,0,0,0,747
2021-02-27,SEA,806,7,1,0,814,0,0,0,814
2011-01-31,SEA,753,43,9,1,806,0,0,0,806
2021-02-28,SEA,900,3,1,0,904,0,0,0,904
2021-03-08,SEA,921,14,5,0,940,0,0,0,940
2011-01-23,SEA,726,26,3,0,755,0,0,0,755
2021-03-07,SEA,950,7,2,0,959,0,0,0,959
2011-01-24,SEA,748,44,6,0,798,0,0,0,798
2021-03-06,SEA,840,5,0,0,845,0,0,0,845
2011-01-25,SEA,746,50,3,0,799,0,0,0,799
2021-03-05,SEA,945,12,3,0,960,0,0,0,960
2011-02-09,SEA,748,38,16,2,804,0,0,0,804
2011-01-26,SEA,746,46,7,0,799,0,0,0,799
2011-01-27,SEA,773,44,9,0,826,0,0,0,826
2021-03-03,SEA,872,10,5,0,887,0,0,0,887
2011-01-28,SEA,761,40,1,0,802,0,0,0,802
2021-03-02,SEA,870,10,0,0,880,0,0,0,880
2011-01-29,SEA,633,35,2,0,670,0,0,0,670
2021-03-01,SEA,892,12,3,0,907,0,0,0,907
2011-01-30,SEA,729,30,16,0,775,0,0,0,775
2021-03-04,SEA,935,10,3,0,948,0,0,0,948
2021-03-09,SEA,880,11,0,1,892,0,0,0,892
2021-02-18,SEA,901,14,2,0,917,0,0,0,917
2021-02-17,SEA,848,12,5,0,865,0,0,0,865
2011-02-21,SEA,753,35,11,0,799,0,0,0,799
2021-02-06,SEA,738,3,0,0,741,0,0,0,741
2011-02-22,SEA,777,38,5,2,822,0,0,0,822
2021-02-05,SEA,821,12,5,0,838,0,0,0,838
2011-02-23,SEA,746,39,3,0,788,0,0,0,788
2021-02-04,SEA,819,13,3,0,835,0,0,0,835
2011-02-24,SEA,799,42,5,0,846,0,0,0,846
2021-02-03,SEA,768,12,0,0,780,0,0,0,780
2011-02-25,SEA,770,38,10,0,818,0,0,0,818
2021-02-02,SEA,754,10,4,0,768,0,0,0,768
2011-02-26,SEA,676,27,10,0,713,0,0,0,713
2021-02-01,SEA,775,10,4,0,789,0,0,0,789
2011-02-27,SEA,758,27,2,0,787,0,0,0,787
2021-01-31,SEA,815,1,2,0,818,0,0,0,818
2011-02-28,SEA,763,39,7,0,809,0,0,0,809
2021-02-07,SEA,748,3,1,0,752,0,0,0,752
2011-02-20,SEA,732,27,5,1,765,0,0,0,765
2021-02-08,SEA,798,11,4,1,814,0,0,0,814
2011-02-19,SEA,676,28,22,1,727,0,0,0,727
2011-02-11,SEA,766,40,2,0,808,0,0,0,808
2021-02-16,SEA,812,11,1,0,824,0,0,0,824
2011-02-12,SEA,646,25,5,0,676,0,0,0,676
2021-02-15,SEA,823,11,1,0,835,0,0,0,835
2011-02-13,SEA,731,22,3,0,756,0,0,0,756
2021-02-14,SEA,591,0,2,0,593,0,0,0,593
2011-02-14,SEA,749,36,4,0,789,0,0,0,789
2011-02-10,SEA,773,42,7,1,823,0,0,0,823
2021-02-13,SEA,293,4,0,0,297,0,0,0,297
2021-02-12,SEA,879,17,6,0,902,0,0,0,902
2011-02-16,SEA,755,39,3,1,798,0,0,0,798
2021-02-11,SEA,841,8,3,0,852,0,0,0,852
2011-02-17,SEA,777,38,4,1,820,0,0,0,820
2021-02-10,SEA,769,11,2,0,782,0,0,0,782
2011-02-18,SEA,783,36,8,0,827,0,0,0,827
2021-02-09,SEA,748,15,1,0,764,0,0,0,764
2011-02-15,SEA,747,40,5,0,792,0,0,0,792
2011-03-23,SEA,795,39,18,0,852,0,0,0,852
2019-03-09,SEA,1026,9,1,0,1036,0,0,0,1036
2012-06-13,SEA,910,45,4,0,959,0,0,0,959
2014-11-22,SEA,793,14,2,0,809,0,0,0,809
2017-05-08,SEA,1160,13,4,0,1177,0,0,0,1177
2014-11-23,SEA,863,12,10,0,885,0,0,0,885
2017-05-07,SEA,1107,5,3,1,1116,0,0,0,1116
2014-11-24,SEA,883,16,4,0,903,0,0,0,903
2017-05-06,SEA,979,5,20,0,1004,0,0,0,1004
2014-11-25,SEA,950,16,7,2,975,0,0,0,975
2017-05-09,SEA,1133,17,5,0,1155,0,0,0,1155
2017-05-05,SEA,1173,13,5,1,1192,0,0,0,1192
2017-05-04,SEA,1115,13,6,0,1134,0,0,0,1134
2014-11-27,SEA,709,10,1,0,720,0,0,0,720
2017-05-03,SEA,1145,12,11,0,1168,0,0,0,1168
2014-11-28,SEA,781,15,0,0,796,0,0,0,796
2017-05-02,SEA,1104,14,5,1,1124,0,0,0,1124
2014-11-29,SEA,863,13,4,0,880,0,0,0,880
2017-05-01,SEA,1138,11,6,1,1156,0,0,0,1156
2014-11-26,SEA,951,18,3,0,972,0,0,0,972
2014-11-21,SEA,946,18,7,0,971,0,0,0,971
2017-05-10,SEA,1141,14,9,0,1164,0,0,0,1164
2014-11-20,SEA,935,23,4,0,962,0,0,0,962
2017-05-19,SEA,1200,13,7,0,1220,0,0,0,1220
2014-11-12,SEA,909,20,14,1,944,0,0,0,944
2017-05-18,SEA,1187,18,12,0,1217,0,0,0,1217
2014-11-13,SEA,927,19,11,1,958,0,0,0,958
2017-05-17,SEA,1160,17,2,0,1179,0,0,0,1179
2014-11-14,SEA,937,21,18,0,976,0,0,0,976
2017-05-16,SEA,1146,20,5,0,1171,0,0,0,1171
2014-11-15,SEA,779,17,23,0,819,0,0,0,819
2017-05-15,SEA,1173,17,6,0,1196,0,0,0,1196
2014-11-16,SEA,897,12,14,0,923,0,0,0,923
2017-05-14,SEA,1086,5,3,0,1094,0,0,0,1094
2014-11-17,SEA,917,19,9,0,945,0,0,0,945
2017-05-13,SEA,974,6,6,0,986,0,0,0,986
2014-11-18,SEA,912,20,6,0,938,0,0,0,938
2017-05-12,SEA,1179,14,5,0,1198,0,0,0,1198
2014-11-19,SEA,914,18,9,0,941,0,0,0,941
2017-05-11,SEA,1161,12,5,0,1178,0,0,0,1178
2014-11-30,SEA,929,25,15,0,969,0,0,0,969
2017-04-30,SEA,1092,5,2,0,1099,0,0,0,1099
2014-12-01,SEA,950,22,12,0,984,0,0,0,984
2017-04-29,SEA,954,9,6,1,970,0,0,0,970
2017-04-18,SEA,1102,15,4,0,1121,0,0,0,1121
2014-12-13,SEA,773,16,8,0,797,0,0,0,797
2017-04-17,SEA,1118,12,2,1,1133,0,0,0,1133
2014-12-14,SEA,884,22,30,0,936,0,0,0,936
2017-04-16,SEA,1053,6,6,1,1066,0,0,0,1066
2014-12-15,SEA,907,22,14,1,944,0,0,0,944
2017-04-15,SEA,954,5,6,1,966,0,0,0,966
2014-12-16,SEA,924,22,10,2,958,0,0,0,958
2017-04-14,SEA,1125,9,5,0,1139,0,0,0,1139
2014-12-17,SEA,926,21,9,0,956,0,0,0,956
2017-04-13,SEA,1143,10,2,0,1155,0,0,0,1155
2014-12-18,SEA,971,21,6,0,998,0,0,0,998
2017-04-12,SEA,1114,11,5,0,1130,0,0,0,1130
2014-12-19,SEA,980,23,6,2,1011,0,0,0,1011
2017-04-11,SEA,1103,14,6,0,1123,0,0,0,1123
2014-12-20,SEA,914,19,1,1,935,0,0,0,935
2017-04-10,SEA,1117,11,5,0,1133,0,0,0,1133
2014-12-12,SEA,936,21,15,0,972,0,0,0,972
2014-11-11,SEA,909,23,12,0,944,0,0,0,944
2017-04-19,SEA,1126,13,6,0,1145,0,0,0,1145
2017-04-20,SEA,1137,15,12,0,1164,0,0,0,1164
2014-12-02,SEA,908,25,15,0,948,0,0,0,948
2017-04-28,SEA,1142,9,5,1,1157,0,0,0,1157
2014-12-03,SEA,905,21,15,0,941,0,0,0,941
2017-04-27,SEA,1143,11,4,1,1159,0,0,0,1159
2014-12-04,SEA,917,23,5,0,945,0,0,0,945
2017-04-26,SEA,1116,10,4,0,1130,0,0,0,1130
2014-12-05,SEA,922,24,13,0,959,0,0,0,959
2017-04-25,SEA,1109,14,8,0,1131,0,0,0,1131
2014-12-06,SEA,768,12,6,0,786,0,0,0,786
2017-04-24,SEA,1126,14,4,0,1144,0,0,0,1144
2014-12-07,SEA,862,13,16,0,891,0,0,0,891
2017-04-23,SEA,1065,7,7,0,1079,0,0,0,1079
2014-12-08,SEA,918,15,3,0,936,0,0,0,936
2017-04-22,SEA,958,5,7,0,970,0,0,0,970
2014-12-09,SEA,896,17,8,0,921,0,0,0,921
2017-04-21,SEA,1135,11,7,2,1155,0,0,0,1155
2014-12-10,SEA,930,22,1,0,953,0,0,0,953
2014-12-11,SEA,934,16,6,0,956,0,0,0,956
2017-05-20,SEA,1004,6,2,0,1012,0,0,0,1012
2014-11-10,SEA,921,22,15,0,958,0,0,0,958
2017-05-21,SEA,1114,8,3,0,1125,0,0,0,1125
2014-10-11,SEA,789,14,0,0,803,0,0,0,803
2017-06-19,SEA,1291,12,6,1,1310,0,0,0,1310
2014-10-12,SEA,907,14,9,0,930,0,0,0,930
2017-06-18,SEA,1231,3,4,0,1238,0,0,0,1238
2014-10-13,SEA,940,20,8,0,968,0,0,0,968
2017-06-17,SEA,1163,9,4,0,1176,0,0,0,1176
2014-10-14,SEA,911,24,10,0,945,0,0,0,945
2017-06-16,SEA,1309,16,0,0,1325,0,0,0,1325
2014-10-15,SEA,936,22,8,0,966,0,0,0,966
2017-06-15,SEA,1239,11,4,0,1254,0,0,0,1254
2014-10-16,SEA,952,23,26,1,1002,0,0,0,1002
2017-06-14,SEA,1285,15,9,0,1309,0,0,0,1309
2014-10-17,SEA,947,22,8,0,977,0,0,0,977
2017-06-13,SEA,1259,15,7,1,1282,0,0,0,1282
2014-10-18,SEA,780,17,4,0,801,0,0,0,801
2017-06-12,SEA,1273,17,23,0,1313,0,0,0,1313
2014-10-19,SEA,920,16,17,0,953,0,0,0,953
2017-06-20,SEA,1279,14,2,1,1296,0,0,0,1296
2017-06-11,SEA,1190,3,7,1,1201,0,0,0,1201
2014-10-10,SEA,978,25,8,0,1011,0,0,0,1011
2014-10-09,SEA,973,22,5,0,1000,0,0,0,1000
2017-06-30,SEA,1299,18,3,0,1320,0,0,0,1320
2014-10-01,SEA,929,30,14,0,973,0,0,0,973
2017-06-29,SEA,1300,18,9,0,1327,0,0,0,1327
2014-10-02,SEA,934,24,16,0,974,0,0,0,974
2017-06-28,SEA,1300,14,5,0,1319,0,0,0,1319
2014-10-03,SEA,981,22,9,0,1012,0,0,0,1012
2017-06-27,SEA,1281,14,9,0,1304,0,0,0,1304
2014-10-04,SEA,777,15,13,0,805,0,0,0,805
2017-06-26,SEA,1317,10,12,0,1339,0,0,0,1339
2014-10-05,SEA,926,13,15,0,954,0,0,0,954
2017-06-25,SEA,1227,4,10,0,1241,0,0,0,1241
2014-10-06,SEA,946,21,18,0,985,0,0,0,985
2017-06-24,SEA,1147,5,13,0,1165,0,0,0,1165
2014-10-07,SEA,934,18,2,0,954,0,0,0,954
2017-06-23,SEA,1278,16,10,0,1304,0,0,0,1304
2014-10-08,SEA,934,22,6,0,962,0,0,0,962
2017-06-22,SEA,1289,13,13,0,1315,0,0,0,1315
2017-06-21,SEA,1293,10,11,1,1315,0,0,0,1315
2014-12-21,SEA,967,15,7,0,989,0,0,0,989
2014-10-20,SEA,944,22,3,0,969,0,0,0,969
2014-10-21,SEA,899,32,3,0,934,0,0,0,934
2014-11-01,SEA,752,17,5,0,774,0,0,0,774
2017-05-29,SEA,1177,4,7,0,1188,0,0,0,1188
2014-11-02,SEA,874,16,7,0,897,0,0,0,897
2017-05-28,SEA,968,1,3,0,972,0,0,0,972
2014-11-03,SEA,931,18,1,0,950,0,0,0,950
2017-05-27,SEA,959,5,3,0,967,0,0,0,967
2014-11-04,SEA,906,25,9,0,940,0,0,0,940
2017-05-26,SEA,1198,11,3,0,1212,0,0,0,1212
2014-11-05,SEA,922,20,9,0,951,0,0,0,951
2017-05-25,SEA,1204,15,6,0,1225,0,0,0,1225
2014-11-06,SEA,952,22,3,0,977,0,0,0,977
2017-05-24,SEA,1175,11,9,2,1197,0,0,0,1197
2014-11-07,SEA,956,21,10,0,987,0,0,0,987
2017-05-23,SEA,1158,14,11,0,1183,0,0,0,1183
2014-11-08,SEA,788,15,17,0,820,0,0,0,820
2017-05-22,SEA,1185,16,12,1,1214,0,0,0,1214
2014-11-09,SEA,908,16,0,0,924,0,0,0,924
2017-05-30,SEA,1150,20,4,0,1174,0,0,0,1174
2017-06-10,SEA,1113,11,0,0,1124,0,0,0,1124
2014-10-31,SEA,906,16,9,0,931,0,0,0,931
2014-10-30,SEA,919,18,5,0,942,0,0,0,942
2017-06-09,SEA,1241,15,3,3,1262,0,0,0,1262
2014-10-22,SEA,923,24,4,0,951,0,0,0,951
2017-06-08,SEA,1247,14,12,0,1273,0,0,0,1273
2014-10-23,SEA,944,24,10,0,978,0,0,0,978
2017-06-07,SEA,1221,15,6,0,1242,0,0,0,1242
2014-10-24,SEA,948,20,23,0,991,0,0,0,991
2017-06-06,SEA,1208,17,13,0,1238,0,0,0,1238
2014-10-25,SEA,798,16,6,0,820,0,0,0,820
2017-06-05,SEA,1238,16,9,1,1264,0,0,0,1264
2014-10-26,SEA,904,11,2,0,917,0,0,0,917
2017-06-04,SEA,1163,1,4,0,1168,0,0,0,1168
2014-10-27,SEA,924,19,6,0,949,0,0,0,949
2017-06-03,SEA,1015,5,4,0,1024,0,0,0,1024
2014-10-28,SEA,895,21,5,0,921,0,0,0,921
2017-06-02,SEA,1207,15,6,0,1228,0,0,0,1228
2014-10-29,SEA,906,21,4,0,931,0,0,0,931
2017-06-01,SEA,1211,14,3,0,1228,0,0,0,1228
2017-05-31,SEA,1185,18,13,0,1216,0,0,0,1216
2017-04-09,SEA,1063,3,4,0,1070,0,0,0,1070
2014-12-22,SEA,994,22,5,0,1021,0,0,0,1021
2017-04-08,SEA,977,8,5,0,990,0,0,0,990
2017-02-14,SEA,981,13,7,0,1001,0,0,0,1001
2015-02-14,SEA,768,12,4,0,784,0,0,0,784
2017-02-13,SEA,1040,14,5,0,1059,0,0,0,1059
2015-02-15,SEA,827,16,13,0,856,0,0,0,856
2017-02-12,SEA,966,5,3,0,974,0,0,0,974
2015-02-16,SEA,892,22,15,0,929,0,0,0,929
2017-02-11,SEA,873,4,4,0,881,0,0,0,881
2015-02-17,SEA,878,21,9,0,908,0,0,0,908
2017-02-10,SEA,1056,17,8,0,1081,0,0,0,1081
2015-02-18,SEA,905,18,9,0,932,0,0,0,932
2017-02-09,SEA,1002,14,5,0,1021,0,0,0,1021
2015-02-19,SEA,919,19,2,0,940,0,0,0,940
2017-02-08,SEA,992,18,5,0,1015,0,0,0,1015
2015-02-20,SEA,921,20,5,0,946,0,0,0,946
2017-02-07,SEA,985,13,4,0,1002,0,0,0,1002
2015-02-21,SEA,755,16,11,0,782,0,0,0,782
2017-02-06,SEA,731,5,4,1,741,0,0,0,741
2015-02-13,SEA,926,20,21,0,967,0,0,0,967
2015-02-22,SEA,875,14,21,0,910,0,0,0,910
2017-02-15,SEA,1017,16,12,0,1045,0,0,0,1045
2017-02-16,SEA,1047,15,7,0,1069,0,0,0,1069
2015-02-03,SEA,855,26,6,0,887,0,0,0,887
2017-02-24,SEA,1072,16,4,1,1093,0,0,0,1093
2015-02-04,SEA,878,21,7,0,906,0,0,0,906
2017-02-23,SEA,1060,13,3,0,1076,0,0,0,1076
2015-02-05,SEA,898,21,3,0,922,0,0,0,922
2017-02-22,SEA,1050,15,5,0,1070,0,0,0,1070
2015-02-06,SEA,897,19,12,1,929,0,0,0,929
2017-02-21,SEA,1017,16,5,0,1038,0,0,0,1038
2015-02-07,SEA,748,22,4,0,774,0,0,0,774
2017-02-20,SEA,1054,12,3,0,1069,0,0,0,1069
2015-02-08,SEA,858,19,9,1,887,0,0,0,887
2017-02-19,SEA,961,9,1,0,971,0,0,0,971
2015-02-09,SEA,892,28,7,0,927,0,0,0,927
2017-02-18,SEA,905,10,6,0,921,0,0,0,921
2015-02-10,SEA,869,20,10,0,899,0,0,0,899
2017-02-17,SEA,1052,16,4,0,1072,0,0,0,1072
2015-02-11,SEA,882,19,12,0,913,0,0,0,913
2015-02-12,SEA,924,18,11,0,953,0,0,0,953
2017-02-25,SEA,892,15,12,1,920,0,0,0,920
2017-02-05,SEA,863,10,0,0,873,0,0,0,873
2017-02-04,SEA,884,6,4,0,894,0,0,0,894
2017-01-24,SEA,1001,19,3,0,1023,0,0,0,1023
2015-03-07,SEA,799,17,23,0,839,0,0,0,839
2017-01-23,SEA,1051,19,7,0,1077,0,0,0,1077
2015-03-08,SEA,910,14,24,0,948,0,0,0,948
2017-01-22,SEA,985,6,5,0,996,0,0,0,996
2015-03-09,SEA,957,23,13,0,993,0,0,0,993
2017-01-21,SEA,887,7,4,0,898,0,0,0,898
2015-03-10,SEA,934,26,11,0,971,0,0,0,971
2017-01-20,SEA,1044,20,5,0,1069,0,0,0,1069
2015-03-11,SEA,946,24,17,0,987,0,0,0,987
2017-01-19,SEA,1050,16,7,0,1073,0,0,0,1073
2015-03-12,SEA,950,24,7,0,981,0,0,0,981
2017-01-18,SEA,977,16,3,0,996,0,0,0,996
2015-03-13,SEA,970,27,15,0,1012,0,0,0,1012
2017-01-17,SEA,947,14,10,0,971,0,0,0,971
2015-03-14,SEA,832,23,1,0,856,0,0,0,856
2017-01-16,SEA,1048,15,5,0,1068,0,0,0,1068
2015-03-06,SEA,930,19,18,0,967,0,0,0,967
2015-02-23,SEA,885,19,9,0,913,0,0,0,913
2017-01-25,SEA,1035,16,2,0,1053,0,0,0,1053
2017-01-26,SEA,1067,12,8,0,1087,0,0,0,1087
2015-02-24,SEA,871,21,13,0,905,0,0,0,905
2017-02-03,SEA,1014,14,0,0,1028,0,0,0,1028
2015-02-25,SEA,886,20,3,0,909,0,0,0,909
2017-02-02,SEA,1052,13,4,0,1069,0,0,0,1069
2015-02-26,SEA,917,18,2,0,937,0,0,0,937
2017-02-01,SEA,1015,13,5,0,1033,0,0,0,1033
2015-02-27,SEA,918,20,9,0,947,0,0,0,947
2017-01-31,SEA,985,15,5,0,1005,0,0,0,1005
2015-02-28,SEA,743,15,17,0,775,0,0,0,775
2017-01-30,SEA,1050,11,2,0,1063,0,0,0,1063
2015-03-01,SEA,854,12,17,0,883,0,0,0,883
2017-01-29,SEA,969,2,5,0,976,0,0,0,976
2015-03-02,SEA,910,22,9,0,941,0,0,0,941
2017-01-28,SEA,873,4,7,1,885,0,0,0,885
2015-03-03,SEA,887,24,17,0,928,0,0,0,928
2017-01-27,SEA,1068,17,8,1,1094,0,0,0,1094
2015-03-04,SEA,898,19,7,1,925,0,0,0,925
2015-03-05,SEA,916,21,24,1,962,0,0,0,962
2014-09-30,SEA,942,22,10,0,974,0,0,0,974
2015-02-02,SEA,905,24,2,0,931,0,0,0,931
2015-02-01,SEA,783,10,0,0,793,0,0,0,793
2017-03-28,SEA,1065,13,6,0,1084,0,0,0,1084
2015-01-03,SEA,902,18,0,0,920,0,0,0,920
2017-03-27,SEA,1109,10,3,0,1122,0,0,0,1122
2015-01-04,SEA,958,17,0,0,975,0,0,0,975
2017-03-26,SEA,1055,3,2,0,1060,0,0,0,1060
2015-01-05,SEA,936,23,1,0,960,0,0,0,960
2017-03-25,SEA,971,4,8,0,983,0,0,0,983
2015-01-06,SEA,860,24,2,0,886,0,0,0,886
2017-03-24,SEA,1112,9,5,0,1126,0,0,0,1126
2015-01-07,SEA,860,22,1,0,883,0,0,0,883
2017-03-23,SEA,1115,12,9,0,1136,0,0,0,1136
2015-01-08,SEA,897,22,3,0,922,0,0,0,922
2017-03-22,SEA,1099,16,4,0,1119,0,0,0,1119
2015-01-09,SEA,918,20,10,0,948,0,0,0,948
2017-03-21,SEA,1073,15,4,0,1092,0,0,0,1092
2015-01-10,SEA,748,18,3,0,769,0,0,0,769
2017-03-20,SEA,1106,19,6,0,1131,0,0,0,1131
2015-01-02,SEA,989,19,5,0,1013,0,0,0,1013
2015-01-11,SEA,507,7,1,0,515,0,0,0,515
2017-03-29,SEA,1112,10,4,0,1126,0,0,0,1126
2017-03-30,SEA,1099,14,6,1,1120,0,0,0,1120
2014-12-23,SEA,1006,23,2,0,1031,0,0,0,1031
2017-04-07,SEA,1122,17,2,0,1141,0,0,0,1141
2014-12-24,SEA,877,21,0,0,898,0,0,0,898
2017-04-06,SEA,1118,14,0,0,1132,0,0,0,1132
2014-12-25,SEA,790,9,2,0,801,0,0,0,801
2017-04-05,SEA,1088,13,2,0,1103,0,0,0,1103
2014-12-26,SEA,981,20,2,0,1003,0,0,0,1003
2017-04-04,SEA,1088,11,7,0,1106,0,0,0,1106
2014-12-27,SEA,907,14,3,0,924,0,0,0,924
2017-04-03,SEA,1120,13,8,0,1141,0,0,0,1141
2014-12-28,SEA,957,17,1,0,975,0,0,0,975
2017-04-02,SEA,1052,11,9,0,1072,0,0,0,1072
2014-12-29,SEA,971,23,10,0,1004,0,0,0,1004
2017-04-01,SEA,962,5,3,0,970,0,0,0,970
2014-12-30,SEA,978,22,7,0,1007,0,0,0,1007
2017-03-31,SEA,1131,14,5,1,1151,0,0,0,1151
2014-12-31,SEA,875,20,5,0,900,0,0,0,900
2015-01-01,SEA,814,10,18,0,842,0,0,0,842
2017-02-26,SEA,1015,12,1,0,1028,0,0,0,1028
2017-03-19,SEA,1037,11,13,0,1061,0,0,0,1061
2017-03-18,SEA,980,7,4,2,993,0,0,0,993
2017-03-07,SEA,1038,15,6,0,1059,0,0,0,1059
2015-01-24,SEA,749,16,7,0,772,0,0,0,772
2017-03-06,SEA,1056,17,4,0,1077,0,0,0,1077
2015-01-25,SEA,855,13,13,1,882,0,0,0,882
2017-03-05,SEA,1011,10,2,0,1023,0,0,0,1023
2015-01-26,SEA,837,18,13,0,868,0,0,0,868
2017-03-04,SEA,898,16,3,0,917,0,0,0,917
2015-01-27,SEA,825,25,1,0,851,0,0,0,851
2017-03-03,SEA,1084,18,0,0,1102,0,0,0,1102
2015-01-28,SEA,859,19,6,0,884,0,0,0,884
2017-03-02,SEA,1046,20,5,0,1071,0,0,0,1071
2015-01-29,SEA,892,20,8,0,920,0,0,0,920
2017-03-01,SEA,1042,15,7,0,1064,0,0,0,1064
2015-01-30,SEA,926,20,5,0,951,0,0,0,951
2017-02-28,SEA,1025,15,2,1,1043,0,0,0,1043
2015-01-31,SEA,739,16,3,0,758,0,0,0,758
2017-02-27,SEA,1058,14,6,1,1079,0,0,0,1079
2015-01-23,SEA,895,21,2,0,918,0,0,0,918
2015-01-12,SEA,880,19,4,0,903,0,0,0,903
2017-03-08,SEA,1053,14,7,1,1075,0,0,0,1075
2017-03-09,SEA,1093,18,4,0,1115,0,0,0,1115
2015-01-13,SEA,848,24,6,0,878,0,0,0,878
2017-03-17,SEA,1127,13,6,0,1146,0,0,0,1146
2015-01-14,SEA,858,22,7,0,887,0,0,0,887
2017-03-16,SEA,1112,16,7,2,1137,0,0,0,1137
2015-01-15,SEA,880,25,5,0,910,0,0,0,910
2017-03-15,SEA,1108,15,4,0,1127,0,0,0,1127
2015-01-16,SEA,889,20,13,0,922,0,0,0,922
2017-03-14,SEA,1057,15,4,0,1076,0,0,0,1076
2015-01-17,SEA,726,16,4,0,746,0,0,0,746
2017-03-13,SEA,1112,20,2,0,1134,0,0,0,1134
2015-01-18,SEA,807,15,4,0,826,0,0,0,826
2017-03-12,SEA,1040,5,5,0,1050,0,0,0,1050
2015-01-19,SEA,869,24,4,0,897,0,0,0,897
2017-03-11,SEA,956,8,0,0,964,0,0,0,964
2015-01-20,SEA,851,25,14,0,890,0,0,0,890
2017-03-10,SEA,1110,19,8,0,1137,0,0,0,1137
2015-01-21,SEA,857,23,2,0,882,0,0,0,882
2015-01-22,SEA,883,22,3,0,908,0,0,0,908
2017-07-01,SEA,1161,8,3,0,1172,0,0,0,1172
2014-09-29,SEA,938,26,7,0,971,0,0,0,971
2017-07-02,SEA,1178,3,7,0,1188,0,0,0,1188
2014-06-07,SEA,875,22,33,2,932,0,0,0,932
2017-10-23,SEA,1097,54,7,0,1158,0,0,0,1158
2014-06-08,SEA,983,24,15,0,1022,0,0,0,1022
2017-10-22,SEA,1059,46,5,0,1110,0,0,0,1110
2014-06-09,SEA,1004,31,9,2,1046,0,0,0,1046
2017-10-21,SEA,967,36,3,0,1006,0,0,0,1006
2014-06-10,SEA,1003,35,14,0,1052,0,0,0,1052
2017-10-20,SEA,1113,51,3,0,1167,0,0,0,1167
2014-06-11,SEA,1032,33,22,5,1092,0,0,0,1092
2017-10-19,SEA,1107,49,6,0,1162,0,0,0,1162
2014-06-12,SEA,1032,39,9,1,1081,0,0,0,1081
2017-10-18,SEA,1083,43,8,0,1134,0,0,0,1134
2014-06-13,SEA,1030,32,5,0,1067,0,0,0,1067
2017-10-17,SEA,1088,49,4,0,1141,0,0,0,1141
2014-06-14,SEA,945,25,10,0,980,0,0,0,980
2017-10-16,SEA,1118,44,3,0,1165,0,0,0,1165
2014-06-15,SEA,998,29,8,0,1035,0,0,0,1035
2017-10-24,SEA,1050,52,12,0,1114,0,0,0,1114
2017-10-15,SEA,1052,49,18,0,1119,0,0,0,1119
2014-06-06,SEA,975,32,11,2,1020,0,0,0,1020
2014-06-05,SEA,989,33,17,0,1039,0,0,0,1039
2017-11-03,SEA,907,41,4,0,952,0,0,0,952
2014-05-28,SEA,908,37,3,1,949,0,0,0,949
2017-11-02,SEA,1085,59,5,0,1149,0,0,0,1149
2014-05-29,SEA,934,54,28,1,1017,0,0,0,1017
2017-11-01,SEA,1054,57,4,0,1115,0,0,0,1115
2014-05-30,SEA,928,41,33,1,1003,0,0,0,1003
2017-10-31,SEA,1012,55,4,0,1071,0,0,0,1071
2014-05-31,SEA,816,26,17,0,859,0,0,0,859
2017-10-30,SEA,1047,53,7,0,1107,0,0,0,1107
2014-06-01,SEA,887,27,22,0,936,0,0,0,936
2017-10-29,SEA,1047,43,2,0,1092,0,0,0,1092
2014-06-02,SEA,948,39,17,0,1004,0,0,0,1004
2017-10-28,SEA,929,42,12,0,983,0,0,0,983
2014-06-03,SEA,950,37,10,0,997,0,0,0,997
2017-10-27,SEA,1109,50,4,0,1163,0,0,0,1163
2014-06-04,SEA,942,37,14,0,993,0,0,0,993
2017-10-26,SEA,1111,47,7,0,1165,0,0,0,1165
2017-10-25,SEA,1065,48,6,0,1119,0,0,0,1119
2014-05-27,SEA,883,40,11,0,934,0,0,0,934
2014-06-16,SEA,1024,30,10,0,1064,0,0,0,1064
2014-06-17,SEA,1035,32,16,1,1084,0,0,0,1084
2014-06-28,SEA,964,26,3,0,993,0,0,0,993
2017-10-02,SEA,1106,56,4,0,1166,0,0,0,1166
2014-06-29,SEA,993,28,19,0,1040,0,0,0,1040
2017-10-01,SEA,1045,38,4,0,1087,0,0,0,1087
2014-06-30,SEA,1020,39,14,1,1074,0,0,0,1074
2017-09-30,SEA,972,30,4,0,1006,0,0,0,1006
2014-07-01,SEA,994,38,10,2,1044,0,0,0,1044
2017-09-29,SEA,1175,42,5,0,1222,0,0,0,1222
2014-07-02,SEA,1037,34,12,0,1083,0,0,0,1083
2017-09-28,SEA,1170,36,6,0,1212,0,0,0,1212
2014-07-03,SEA,1050,35,11,0,1096,0,0,0,1096
2017-09-27,SEA,1130,39,4,0,1173,0,0,0,1173
2014-07-04,SEA,900,24,7,0,931,0,0,0,931
2017-09-26,SEA,1129,38,3,0,1170,0,0,0,1170
2014-07-05,SEA,932,28,13,0,973,0,0,0,973
2017-09-25,SEA,1168,41,3,0,1212,0,0,0,1212
2014-07-06,SEA,1004,27,15,0,1046,0,0,0,1046
2017-10-03,SEA,1058,44,7,0,1109,0,0,0,1109
2017-10-14,SEA,937,44,8,0,989,0,0,0,989
2014-06-27,SEA,1045,39,12,0,1096,0,0,0,1096
2014-06-26,SEA,1052,40,16,0,1108,0,0,0,1108
2017-10-13,SEA,1104,47,10,0,1161,0,0,0,1161
2014-06-18,SEA,1019,37,7,1,1064,0,0,0,1064
2017-10-12,SEA,1125,55,11,0,1191,0,0,0,1191
2014-06-19,SEA,1043,36,14,3,1096,0,0,0,1096
2017-10-11,SEA,1081,60,9,1,1151,0,0,0,1151
2014-06-20,SEA,1039,33,18,0,1090,0,0,0,1090
2017-10-10,SEA,1084,57,4,0,1145,0,0,0,1145
2014-06-21,SEA,948,23,33,0,1004,0,0,0,1004
2017-10-09,SEA,1118,56,8,0,1182,0,0,0,1182
2014-06-22,SEA,1012,29,36,2,1079,0,0,0,1079
2017-10-08,SEA,1042,35,15,0,1092,0,0,0,1092
2014-06-23,SEA,1030,45,20,2,1097,0,0,0,1097
2017-10-07,SEA,947,40,3,0,990,0,0,0,990
2014-06-24,SEA,1026,37,3,0,1066,0,0,0,1066
2017-10-06,SEA,1100,52,9,0,1161,0,0,0,1161
2014-06-25,SEA,1031,36,11,0,1078,0,0,0,1078
2017-10-05,SEA,1115,53,15,1,1184,0,0,0,1184
2017-10-04,SEA,1087,54,8,0,1149,0,0,0,1149
2017-09-24,SEA,1103,32,9,0,1144,0,0,0,1144
2017-11-04,SEA,972,48,3,0,1023,0,0,0,1023
2017-11-05,SEA,903,52,1,0,956,0,0,0,956
2014-04-26,SEA,731,22,10,2,765,0,0,0,765
2017-12-04,SEA,1053,49,10,0,1112,0,0,0,1112
2014-04-27,SEA,804,22,3,0,829,0,0,0,829
2017-12-03,SEA,995,42,2,0,1039,0,0,0,1039
2014-04-28,SEA,841,36,16,0,893,0,0,0,893
2017-12-02,SEA,857,48,3,0,908,0,0,0,908
2014-04-29,SEA,837,36,34,2,909,0,0,0,909
2017-12-01,SEA,1062,46,8,0,1116,0,0,0,1116
2014-04-30,SEA,837,34,30,1,902,0,0,0,902
2017-11-30,SEA,1055,66,3,0,1124,0,0,0,1124
2014-05-01,SEA,862,34,34,0,930,0,0,0,930
2017-11-29,SEA,1024,69,15,0,1108,0,0,0,1108
2014-05-02,SEA,856,36,17,0,909,0,0,0,909
2017-11-28,SEA,1053,69,4,0,1126,0,0,0,1126
2014-05-03,SEA,759,24,3,0,786,0,0,0,786
2017-11-27,SEA,1124,71,3,0,1198,0,0,0,1198
2014-05-04,SEA,868,30,9,0,907,0,0,0,907
2017-12-05,SEA,1027,47,9,0,1083,0,0,0,1083
2017-11-26,SEA,1111,55,2,0,1168,0,0,0,1168
2014-04-25,SEA,867,61,33,4,965,0,0,0,965
2014-04-24,SEA,876,31,4,0,911,0,0,0,911
2017-12-15,SEA,1140,47,4,2,1193,0,0,0,1193
2014-04-16,SEA,856,31,2,0,889,0,0,0,889
2017-12-14,SEA,1074,48,8,0,1130,0,0,0,1130
2014-04-17,SEA,877,30,3,0,910,0,0,0,910
2017-12-13,SEA,1037,49,13,3,1102,0,0,0,1102
2014-04-18,SEA,858,34,10,2,904,0,0,0,904
2017-12-12,SEA,1027,52,6,1,1086,0,0,0,1086
2014-04-19,SEA,726,19,6,1,752,0,0,0,752
2017-12-11,SEA,1058,48,4,1,1111,0,0,0,1111
2014-04-20,SEA,799,23,6,0,828,0,0,0,828
2017-12-10,SEA,1007,33,6,0,1046,0,0,0,1046
2014-04-21,SEA,847,31,12,0,890,0,0,0,890
2017-12-09,SEA,841,33,6,1,881,0,0,0,881
2014-04-22,SEA,835,32,5,0,872,0,0,0,872
2017-12-08,SEA,1030,44,9,0,1083,0,0,0,1083
2014-04-23,SEA,853,31,9,0,893,0,0,0,893
2017-12-07,SEA,1070,44,10,0,1124,0,0,0,1124
2017-12-06,SEA,1032,45,7,0,1084,0,0,0,1084
2014-05-26,SEA,908,33,3,0,944,0,0,0,944
2014-05-05,SEA,856,38,7,0,901,0,0,0,901
2014-05-06,SEA,852,39,9,2,902,0,0,0,902
2014-05-17,SEA,791,28,10,0,829,0,0,0,829
2017-11-13,SEA,1096,65,2,0,1163,0,0,0,1163
2014-05-18,SEA,873,27,6,0,906,0,0,0,906
2017-11-12,SEA,1036,53,3,2,1094,0,0,0,1094
2014-05-19,SEA,895,42,5,0,942,0,0,0,942
2017-11-11,SEA,885,51,4,0,940,0,0,0,940
2014-05-20,SEA,890,45,9,0,944,0,0,0,944
2017-11-10,SEA,1116,68,9,0,1193,0,0,0,1193
2014-05-21,SEA,909,40,11,2,962,0,0,0,962
2017-11-09,SEA,1093,54,4,0,1151,0,0,0,1151
2014-05-22,SEA,928,52,33,0,1013,0,0,0,1013
2017-11-08,SEA,1076,71,11,0,1158,0,0,0,1158
2014-05-23,SEA,921,38,11,0,970,0,0,0,970
2017-11-07,SEA,1050,60,16,1,1127,0,0,0,1127
2014-05-24,SEA,776,28,15,0,819,0,0,0,819
2017-11-06,SEA,1095,61,9,0,1165,0,0,0,1165
2014-05-25,SEA,771,26,4,0,801,0,0,0,801
2017-11-14,SEA,1076,65,6,0,1147,0,0,0,1147
2017-11-25,SEA,1001,50,7,0,1058,0,0,0,1058
2014-05-16,SEA,912,39,11,0,962,0,0,0,962
2014-05-15,SEA,897,39,16,1,953,0,0,0,953
2017-11-24,SEA,861,58,2,0,921,0,0,0,921
2014-05-07,SEA,864,36,19,0,919,0,0,0,919
2017-11-23,SEA,776,44,0,0,820,0,0,0,820
2014-05-08,SEA,874,36,7,0,917,0,0,0,917
2017-11-22,SEA,1113,62,2,0,1177,0,0,0,1177
2014-05-09,SEA,885,38,4,1,928,0,0,0,928
2017-11-21,SEA,1066,63,2,6,1137,0,0,0,1137
2014-05-10,SEA,755,26,39,1,821,0,0,0,821
2017-11-20,SEA,1053,61,4,0,1118,0,0,0,1118
2014-05-11,SEA,827,33,6,1,867,0,0,0,867
2017-11-19,SEA,1027,57,4,1,1089,0,0,0,1089
2014-05-12,SEA,855,36,21,0,912,0,0,0,912
2017-11-18,SEA,935,49,11,1,996,0,0,0,996
2014-05-13,SEA,879,42,20,0,941,0,0,0,941
2017-11-17,SEA,1125,64,6,0,1195,0,0,0,1195
2014-05-14,SEA,886,41,13,2,942,0,0,0,942
2017-11-16,SEA,1108,58,0,0,1166,0,0,0,1166
2017-11-15,SEA,1076,58,3,0,1137,0,0,0,1137
2015-03-15,SEA,912,16,4,0,932,0,0,0,932
2014-07-07,SEA,1007,33,8,0,1048,0,0,0,1048
2014-07-08,SEA,1013,39,19,2,1073,0,0,0,1073
2014-08-30,SEA,886,27,1,0,914,0,0,0,914
2017-07-31,SEA,1296,15,16,0,1327,0,0,0,1327
2014-08-31,SEA,942,27,12,1,982,0,0,0,982
2017-07-30,SEA,1267,11,12,0,1290,0,0,0,1290
2014-09-01,SEA,979,29,9,0,1017,0,0,0,1017
2017-07-29,SEA,1192,15,9,1,1217,0,0,0,1217
2014-09-02,SEA,945,25,8,0,978,0,0,0,978
2017-07-28,SEA,1307,16,4,0,1327,0,0,0,1327
2014-09-03,SEA,960,24,22,1,1007,0,0,0,1007
2017-07-27,SEA,1295,16,36,0,1347,0,0,0,1347
2014-09-04,SEA,970,23,17,1,1011,0,0,0,1011
2017-07-26,SEA,1307,12,18,2,1339,0,0,0,1339
2014-09-05,SEA,966,27,16,0,1009,0,0,0,1009
2017-07-25,SEA,1301,19,4,1,1325,0,0,0,1325
2014-09-06,SEA,806,24,23,0,853,0,0,0,853
2017-07-24,SEA,1319,20,4,0,1343,0,0,0,1343
2014-09-07,SEA,949,15,18,0,982,0,0,0,982
2017-08-01,SEA,1290,16,8,4,1318,0,0,0,1318
2017-07-23,SEA,1236,4,8,0,1248,0,0,0,1248
2014-08-29,SEA,1039,42,8,0,1089,0,0,0,1089
2014-08-28,SEA,1042,42,12,0,1096,0,0,0,1096
2017-08-11,SEA,1286,14,13,0,1313,0,0,0,1313
2014-08-20,SEA,1033,39,16,1,1089,0,0,0,1089
2017-08-10,SEA,1293,17,13,0,1323,0,0,0,1323
2014-08-21,SEA,1054,37,12,0,1103,0,0,0,1103
2017-08-09,SEA,1294,19,6,1,1320,0,0,0,1320
2014-08-22,SEA,1048,35,23,0,1106,0,0,0,1106
2017-08-08,SEA,1276,18,6,1,1301,0,0,0,1301
2014-08-23,SEA,945,27,11,1,984,0,0,0,984
2017-08-07,SEA,1276,16,10,0,1302,0,0,0,1302
2014-08-24,SEA,979,26,12,0,1017,0,0,0,1017
2017-08-06,SEA,1247,16,13,0,1276,0,0,0,1276
2014-08-25,SEA,1009,38,18,0,1065,0,0,0,1065
2017-08-05,SEA,1203,17,10,0,1230,0,0,0,1230
2014-08-26,SEA,1002,37,17,0,1056,0,0,0,1056
2017-08-04,SEA,1289,21,8,2,1320,0,0,0,1320
2014-08-27,SEA,1034,37,14,0,1085,0,0,0,1085
2017-08-03,SEA,1277,15,18,0,1310,0,0,0,1310
2017-08-02,SEA,1294,13,7,2,1316,0,0,0,1316
2014-08-19,SEA,1019,37,9,1,1066,0,0,0,1066
2014-09-08,SEA,968,22,2,0,992,0,0,0,992
2014-09-09,SEA,949,22,8,1,980,0,0,0,980
2014-09-20,SEA,799,18,13,0,830,0,0,0,830
2017-07-10,SEA,1299,20,8,0,1327,0,0,0,1327
2014-09-21,SEA,934,14,15,0,963,0,0,0,963
2017-07-09,SEA,1248,6,11,0,1265,0,0,0,1265
2014-09-22,SEA,963,21,8,0,992,0,0,0,992
2017-07-08,SEA,1193,7,10,0,1210,0,0,0,1210
2014-09-23,SEA,943,27,7,0,977,0,0,0,977
2017-07-07,SEA,1283,12,4,0,1299,0,0,0,1299
2014-09-24,SEA,946,22,7,0,975,0,0,0,975
2017-07-06,SEA,1316,13,4,0,1333,0,0,0,1333
2014-09-25,SEA,965,23,8,0,996,0,0,0,996
2017-07-05,SEA,1278,19,7,0,1304,0,0,0,1304
2014-09-26,SEA,955,20,12,0,987,0,0,0,987
2017-07-04,SEA,1132,3,5,0,1140,0,0,0,1140
2014-09-27,SEA,812,16,23,0,851,0,0,0,851
2017-07-03,SEA,1219,11,1,0,1231,0,0,0,1231
2014-09-28,SEA,933,16,7,0,956,0,0,0,956
2017-07-11,SEA,1302,16,7,0,1325,0,0,0,1325
2017-07-22,SEA,1191,11,4,1,1207,0,0,0,1207
2014-09-19,SEA,984,23,13,0,1020,0,0,0,1020
2014-09-18,SEA,1000,22,5,0,1027,0,0,0,1027
2017-07-21,SEA,1311,19,11,1,1342,0,0,0,1342
2014-09-10,SEA,959,27,13,0,999,0,0,0,999
2017-07-20,SEA,1329,14,4,0,1347,0,0,0,1347
2014-09-11,SEA,980,23,13,1,1017,0,0,0,1017
2017-07-19,SEA,1302,15,14,0,1331,0,0,0,1331
2014-09-12,SEA,991,33,22,0,1046,0,0,0,1046
2017-07-18,SEA,1306,19,10,0,1335,0,0,0,1335
2014-09-13,SEA,809,19,16,0,844,0,0,0,844
2017-07-17,SEA,1308,16,11,0,1335,0,0,0,1335
2014-09-14,SEA,952,20,35,0,1007,0,0,0,1007
2017-07-16,SEA,1263,6,12,0,1281,12,0,12,1293
2014-09-15,SEA,961,25,21,0,1007,0,0,0,1007
2017-07-15,SEA,1184,14,11,2,1211,0,0,0,1211
2014-09-16,SEA,945,26,33,1,1005,0,0,0,1005
2017-07-14,SEA,1280,16,8,2,1306,0,0,0,1306
2014-09-17,SEA,954,23,11,0,988,0,0,0,988
2017-07-13,SEA,1325,12,8,1,1346,0,0,0,1346
2017-07-12,SEA,1286,11,19,0,1316,0,0,0,1316
2017-09-23,SEA,978,37,10,0,1025,0,0,0,1025
2017-08-12,SEA,1213,18,8,0,1239,0,0,0,1239
2017-08-13,SEA,1257,17,8,0,1282,0,0,0,1282
2014-07-19,SEA,969,30,5,0,1004,0,0,0,1004
2017-09-11,SEA,1149,45,10,0,1204,0,0,0,1204
2014-07-20,SEA,1014,25,5,0,1044,0,0,0,1044
2017-09-10,SEA,1105,27,9,0,1141,0,0,0,1141
2014-07-21,SEA,1035,37,16,0,1088,0,0,0,1088
2017-09-09,SEA,1020,28,4,0,1052,0,0,0,1052
2014-07-22,SEA,1033,37,5,0,1075,0,0,0,1075
2017-09-08,SEA,1147,37,5,0,1189,0,0,0,1189
2014-07-23,SEA,1040,37,4,2,1083,0,0,0,1083
2017-09-07,SEA,1147,37,1,0,1185,0,0,0,1185
2014-07-24,SEA,1055,34,29,0,1118,0,0,0,1118
2017-09-06,SEA,1142,42,8,0,1192,0,0,0,1192
2014-07-25,SEA,1045,32,31,0,1108,0,0,0,1108
2017-09-05,SEA,1151,36,8,0,1195,0,0,0,1195
2014-07-26,SEA,966,29,28,2,1025,0,0,0,1025
2017-09-04,SEA,1171,31,13,0,1215,0,0,0,1215
2014-07-27,SEA,1005,28,16,0,1049,0,0,0,1049
2017-09-12,SEA,1135,41,7,0,1183,0,0,0,1183
2017-09-03,SEA,1006,17,11,0,1034,0,0,0,1034
2014-07-18,SEA,1049,35,17,0,1101,0,0,0,1101
2014-07-17,SEA,1058,40,9,0,1107,0,0,0,1107
2017-09-22,SEA,1169,45,6,0,1220,0,0,0,1220
2014-07-09,SEA,1055,45,10,0,1110,0,0,0,1110
2017-09-21,SEA,1176,37,1,0,1214,0,0,0,1214
2014-07-10,SEA,1046,38,28,11,1123,0,0,0,1123
2017-09-20,SEA,1146,36,5,0,1187,0,0,0,1187
2014-07-11,SEA,1046,33,16,0,1095,0,0,0,1095
2017-09-19,SEA,1118,37,5,0,1160,0,0,0,1160
2014-07-12,SEA,972,30,26,1,1029,0,0,0,1029
2017-09-18,SEA,1165,35,1,0,1201,0,0,0,1201
2014-07-13,SEA,1006,32,24,0,1062,0,0,0,1062
2017-09-17,SEA,1121,27,5,0,1153,0,0,0,1153
2014-07-14,SEA,1024,33,15,0,1072,0,0,0,1072
2017-09-16,SEA,1016,30,6,0,1052,0,0,0,1052
2014-07-15,SEA,1032,35,23,2,1092,0,0,0,1092
2017-09-15,SEA,1178,34,16,0,1228,0,0,0,1228
2014-07-16,SEA,1053,41,19,0,1113,0,0,0,1113
2017-09-14,SEA,1174,37,14,0,1225,0,0,0,1225
2017-09-13,SEA,1152,38,7,0,1197,0,0,0,1197
2014-08-18,SEA,1038,36,21,0,1095,0,0,0,1095
2014-07-28,SEA,1023,34,27,2,1086,0,0,0,1086
2014-07-29,SEA,1021,42,20,0,1083,0,0,0,1083
2014-08-09,SEA,986,29,14,0,1029,0,0,0,1029
2017-08-21,SEA,1268,14,8,2,1292,0,0,0,1292
2014-08-10,SEA,1018,31,14,0,1063,0,0,0,1063
2017-08-20,SEA,1230,14,16,0,1260,0,0,0,1260
2014-08-11,SEA,1039,33,9,0,1081,0,0,0,1081
2017-08-19,SEA,1212,8,7,0,1227,0,0,0,1227
2014-08-12,SEA,1036,40,24,0,1100,0,0,0,1100
2017-08-18,SEA,1280,15,10,0,1305,0,0,0,1305
2014-08-13,SEA,1065,33,24,0,1122,0,0,0,1122
2017-08-17,SEA,1303,21,11,0,1335,0,0,0,1335
2014-08-14,SEA,1067,38,12,0,1117,0,0,0,1117
2017-08-16,SEA,1313,20,7,0,1340,0,0,0,1340
2014-08-15,SEA,1062,37,8,0,1107,0,0,0,1107
2017-08-15,SEA,1293,17,8,0,1318,0,0,0,1318
2014-08-16,SEA,966,41,29,2,1038,0,0,0,1038
2017-08-14,SEA,1267,21,8,0,1296,0,0,0,1296
2014-08-17,SEA,1021,34,28,0,1083,0,0,0,1083
2017-08-22,SEA,1257,16,8,0,1281,0,0,0,1281
2017-09-02,SEA,1016,15,12,0,1043,0,0,0,1043
2014-08-08,SEA,1073,37,15,0,1125,0,0,0,1125
2014-08-07,SEA,1074,39,19,0,1132,0,0,0,1132
2017-09-01,SEA,1216,23,18,0,1257,0,0,0,1257
2014-07-30,SEA,1045,37,16,0,1098,0,0,0,1098
2017-08-31,SEA,1253,15,2,0,1270,0,0,0,1270
2014-07-31,SEA,1046,41,26,7,1120,0,0,0,1120
2017-08-30,SEA,1237,17,8,0,1262,0,0,0,1262
2014-08-01,SEA,1073,35,16,2,1126,0,0,0,1126
2017-08-29,SEA,1218,18,8,0,1244,0,0,0,1244
2014-08-02,SEA,996,32,17,0,1045,0,0,0,1045
2017-08-28,SEA,1259,17,13,0,1289,0,0,0,1289
2014-08-03,SEA,1034,31,17,0,1082,0,0,0,1082
2017-08-27,SEA,1203,7,13,0,1223,0,0,0,1223
2014-08-04,SEA,1052,34,19,0,1105,0,0,0,1105
2017-08-26,SEA,1165,6,6,1,1178,0,0,0,1178
2014-08-05,SEA,1062,36,19,0,1117,0,0,0,1117
2017-08-25,SEA,1289,10,5,1,1305,0,0,0,1305
2014-08-06,SEA,1082,38,12,0,1132,0,0,0,1132
2017-08-24,SEA,1281,15,5,0,1301,0,0,0,1301
2017-08-23,SEA,1278,15,14,0,1307,0,0,0,1307
2014-04-15,SEA,828,32,9,1,870,0,0,0,870
2017-01-15,SEA,960,6,6,0,972,0,0,0,972
2017-01-14,SEA,879,13,9,0,901,0,0,0,901
2016-06-07,SEA,1215,28,13,0,1256,0,0,0,1256
2015-10-24,SEA,917,26,15,0,958,0,0,0,958
2016-06-06,SEA,1244,24,10,0,1278,0,0,0,1278
2015-10-25,SEA,1008,14,7,0,1029,0,0,0,1029
2016-06-05,SEA,1170,19,9,2,1200,0,0,0,1200
2015-10-26,SEA,1058,17,6,0,1081,0,0,0,1081
2016-06-04,SEA,1021,16,19,1,1057,0,0,0,1057
2015-10-23,SEA,1059,21,16,0,1096,0,0,0,1096
2015-10-27,SEA,988,30,17,0,1035,0,0,0,1035
2015-10-28,SEA,990,16,3,0,1009,0,0,0,1009
2016-06-02,SEA,1211,26,5,0,1242,0,0,0,1242
2015-10-29,SEA,1037,16,7,0,1060,0,0,0,1060
2016-06-01,SEA,1177,21,13,0,1211,0,0,0,1211
2015-10-30,SEA,1032,18,7,0,1057,0,0,0,1057
2016-05-31,SEA,1128,25,29,0,1182,0,0,0,1182
2015-10-31,SEA,842,14,5,0,861,0,0,0,861
2016-06-03,SEA,1215,23,14,4,1256,0,0,0,1256
2016-06-08,SEA,1245,25,12,0,1282,0,0,0,1282
2015-10-22,SEA,1064,20,11,0,1095,0,0,0,1095
2016-06-09,SEA,1282,24,8,2,1316,0,0,0,1316
2015-10-13,SEA,1023,24,10,0,1057,0,0,0,1057
2016-06-17,SEA,1294,25,5,0,1324,0,0,0,1324
2015-10-14,SEA,1040,21,8,0,1069,0,0,0,1069
2016-06-16,SEA,1294,20,5,0,1319,0,0,0,1319
2015-10-15,SEA,1063,25,24,1,1113,0,0,0,1113
2016-06-15,SEA,1285,23,6,0,1314,0,0,0,1314
2015-10-16,SEA,1077,19,19,1,1116,0,0,0,1116
2016-06-14,SEA,1259,24,8,0,1291,0,0,0,1291
2015-10-17,SEA,895,19,6,0,920,0,0,0,920
2016-06-13,SEA,1267,26,4,0,1297,0,0,0,1297
2015-10-18,SEA,1038,19,3,0,1060,0,0,0,1060
2016-06-12,SEA,1236,12,21,0,1269,0,0,0,1269
2015-10-19,SEA,1068,22,4,0,1094,0,0,0,1094
2016-06-11,SEA,1166,17,6,2,1191,0,0,0,1191
2015-10-20,SEA,1022,25,16,0,1063,0,0,0,1063
2016-06-10,SEA,1294,20,6,0,1320,0,0,0,1320
2015-10-21,SEA,1047,29,12,3,1091,0,0,0,1091
2016-05-30,SEA,1124,13,16,0,1153,0,0,0,1153
2015-11-01,SEA,1001,15,1,0,1017,0,0,0,1017
2016-05-29,SEA,987,14,6,0,1007,0,0,0,1007
2015-11-02,SEA,1014,17,4,0,1035,0,0,0,1035
2015-11-13,SEA,1042,23,1,0,1066,0,0,0,1066
2016-05-17,SEA,1103,17,9,0,1129,0,0,0,1129
2015-11-14,SEA,875,30,16,0,921,0,0,0,921
2016-05-16,SEA,1136,17,3,0,1156,0,0,0,1156
2015-11-15,SEA,996,16,13,0,1025,0,0,0,1025
2016-05-15,SEA,1117,10,1,0,1128,0,0,0,1128
2015-11-16,SEA,1026,17,4,0,1047,0,0,0,1047
2016-05-14,SEA,977,13,3,0,993,0,0,0,993
2015-11-17,SEA,1019,23,3,0,1045,0,0,0,1045
2016-05-13,SEA,1155,25,28,0,1208,0,0,0,1208
2015-11-18,SEA,1017,25,9,0,1051,0,0,0,1051
2016-05-12,SEA,1136,22,8,0,1166,0,0,0,1166
2015-11-19,SEA,1018,28,7,0,1053,0,0,0,1053
2016-05-11,SEA,1107,22,12,1,1142,0,0,0,1142
2015-11-20,SEA,1043,29,9,0,1081,0,0,0,1081
2016-05-10,SEA,1092,29,9,0,1130,0,0,0,1130
2015-11-21,SEA,882,19,24,0,925,0,0,0,925
2016-05-18,SEA,1116,19,6,0,1141,0,0,0,1141
2016-06-18,SEA,1157,19,4,0,1180,0,0,0,1180
2015-11-12,SEA,1020,25,4,0,1049,0,0,0,1049
2015-11-11,SEA,1003,22,16,1,1042,0,0,0,1042
2016-05-28,SEA,975,15,4,0,994,0,0,0,994
2015-11-03,SEA,996,20,20,0,1036,0,0,0,1036
2016-05-27,SEA,1179,18,13,0,1210,0,0,0,1210
2015-11-04,SEA,1001,21,15,0,1037,0,0,0,1037
2016-05-26,SEA,1177,21,11,0,1209,0,0,0,1209
2015-11-05,SEA,1048,20,1,0,1069,0,0,0,1069
2016-05-25,SEA,1149,17,8,1,1175,0,0,0,1175
2015-11-06,SEA,1042,19,11,0,1072,0,0,0,1072
2016-05-24,SEA,1127,18,8,0,1153,0,0,0,1153
2015-11-07,SEA,881,19,3,0,903,0,0,0,903
2016-05-23,SEA,1149,18,17,1,1185,0,0,0,1185
2015-11-08,SEA,1000,16,4,1,1021,0,0,0,1021
2016-05-22,SEA,1116,9,12,0,1137,0,0,0,1137
2015-11-09,SEA,1007,19,6,2,1034,0,0,0,1034
2016-05-21,SEA,1001,15,14,5,1035,0,0,0,1035
2015-11-10,SEA,983,22,5,1,1011,0,0,0,1011
2016-05-20,SEA,1168,16,17,0,1201,0,0,0,1201
2016-05-19,SEA,1137,16,6,0,1159,0,0,0,1159
2015-10-12,SEA,1058,28,4,0,1090,0,0,0,1090
2016-06-19,SEA,1232,15,2,0,1249,0,0,0,1249
2015-10-11,SEA,1037,16,7,0,1060,0,0,0,1060
2016-07-19,SEA,1282,15,6,1,1304,0,0,0,1304
2015-09-12,SEA,939,25,14,0,978,0,0,0,978
2016-07-18,SEA,1292,14,7,0,1313,0,0,0,1313
2015-09-13,SEA,1071,17,14,0,1102,0,0,0,1102
2016-07-17,SEA,1278,6,4,0,1288,0,0,0,1288
2015-09-14,SEA,1083,27,11,0,1121,0,0,0,1121
2016-07-16,SEA,1192,6,7,0,1205,0,0,0,1205
2015-09-15,SEA,1047,27,15,0,1089,0,0,0,1089
2016-07-15,SEA,1329,15,13,0,1357,0,0,0,1357
2015-09-16,SEA,1088,27,14,2,1131,0,0,0,1131
2016-07-14,SEA,1315,14,8,0,1337,0,0,0,1337
2015-09-17,SEA,1096,29,13,0,1138,0,0,0,1138
2016-07-13,SEA,1304,11,5,0,1320,0,0,0,1320
2015-09-18,SEA,1110,23,19,0,1152,0,0,0,1152
2016-07-12,SEA,1288,18,11,0,1317,0,0,0,1317
2015-09-19,SEA,949,24,11,0,984,0,0,0,984
2016-07-11,SEA,1308,16,12,0,1336,0,0,0,1336
2015-09-11,SEA,1088,24,11,0,1123,0,0,0,1123
2015-09-20,SEA,1075,17,2,0,1094,0,0,0,1094
2016-07-20,SEA,1294,18,12,0,1324,0,0,0,1324
2016-07-21,SEA,1214,81,8,0,1303,0,0,0,1303
2015-09-01,SEA,1119,30,1,0,1150,0,0,0,1150
2016-07-29,SEA,1246,81,4,0,1331,0,0,0,1331
2015-09-02,SEA,1127,31,5,1,1164,0,0,0,1164
2016-07-28,SEA,1225,85,8,1,1319,0,0,0,1319
2015-09-03,SEA,1142,28,18,2,1190,0,0,0,1190
2016-07-27,SEA,1219,91,4,1,1315,0,0,0,1315
2015-09-04,SEA,1128,27,9,0,1164,0,0,0,1164
2016-07-26,SEA,1215,83,5,0,1303,0,0,0,1303
2015-09-05,SEA,978,23,7,1,1009,0,0,0,1009
2016-07-25,SEA,1213,79,8,1,1301,0,0,0,1301
2015-09-06,SEA,1005,20,9,1,1035,0,0,0,1035
2016-07-24,SEA,1208,79,10,0,1297,0,0,0,1297
2015-09-07,SEA,1078,19,5,0,1102,0,0,0,1102
2016-07-23,SEA,1114,67,9,1,1191,0,0,0,1191
2015-09-08,SEA,1057,26,10,0,1093,0,0,0,1093
2016-07-22,SEA,1257,79,4,0,1340,0,0,0,1340
2015-09-09,SEA,1077,27,21,0,1125,0,0,0,1125
2015-09-10,SEA,1093,28,20,0,1141,0,0,0,1141
2016-05-09,SEA,1137,20,18,0,1175,0,0,0,1175
2016-07-10,SEA,1277,9,8,0,1294,0,0,0,1294
2016-07-09,SEA,1187,8,6,0,1201,0,0,0,1201
2016-06-28,SEA,1276,24,4,0,1304,0,0,0,1304
2015-10-03,SEA,908,19,12,0,939,0,0,0,939
2016-06-27,SEA,1287,46,8,0,1341,0,0,0,1341
2015-10-04,SEA,1041,18,20,0,1079,0,0,0,1079
2016-06-26,SEA,1231,36,25,2,1294,0,0,0,1294
2015-10-05,SEA,1061,26,21,0,1108,0,0,0,1108
2016-06-25,SEA,1163,23,7,4,1197,0,0,0,1197
2015-10-06,SEA,1028,24,6,0,1058,0,0,0,1058
2016-06-24,SEA,1283,20,6,0,1309,0,0,0,1309
2015-10-07,SEA,1055,25,7,0,1087,0,0,0,1087
2016-06-23,SEA,1279,26,8,4,1317,0,0,0,1317
2015-10-08,SEA,1069,23,10,1,1103,0,0,0,1103
2016-06-22,SEA,1285,28,3,0,1316,0,0,0,1316
2015-10-09,SEA,1078,28,8,1,1115,0,0,0,1115
2016-06-21,SEA,1295,35,2,0,1332,0,0,0,1332
2015-10-10,SEA,924,20,0,0,944,0,0,0,944
2016-06-20,SEA,1258,36,14,0,1308,0,0,0,1308
2015-10-02,SEA,1094,25,10,0,1129,0,0,0,1129
2015-09-21,SEA,1093,31,12,0,1136,0,0,0,1136
2016-06-29,SEA,1306,25,8,0,1339,0,0,0,1339
2016-06-30,SEA,1290,28,9,2,1329,0,0,0,1329
2015-09-22,SEA,1034,27,18,0,1079,0,0,0,1079
2016-07-08,SEA,1324,12,17,0,1353,0,0,0,1353
2015-09-23,SEA,1084,27,7,1,1119,0,0,0,1119
2016-07-07,SEA,1335,11,1,0,1347,0,0,0,1347
2015-09-24,SEA,1096,25,12,0,1133,0,0,0,1133
2016-07-06,SEA,1310,12,4,3,1329,0,0,0,1329
2015-09-25,SEA,1115,37,4,0,1156,0,0,0,1156
2016-07-05,SEA,1266,13,9,0,1288,0,0,0,1288
2015-09-26,SEA,928,26,25,0,979,0,0,0,979
2016-07-04,SEA,1147,3,1,0,1151,0,0,0,1151
2015-09-27,SEA,1066,48,56,0,1170,0,0,0,1170
2016-07-03,SEA,1166,4,4,0,1174,0,0,0,1174
2015-09-28,SEA,1081,27,21,1,1130,0,0,0,1130
2016-07-02,SEA,1194,6,6,0,1206,0,0,0,1206
2015-09-29,SEA,1032,26,37,1,1096,0,0,0,1096
2016-07-01,SEA,1313,15,6,0,1334,0,0,0,1334
2015-09-30,SEA,1081,27,12,0,1120,0,0,0,1120
2015-10-01,SEA,1091,32,19,0,1142,0,0,0,1142
2015-11-22,SEA,983,18,19,0,1020,0,0,0,1020
2016-05-08,SEA,1080,11,5,0,1096,0,0,0,1096
2015-11-23,SEA,959,16,5,1,981,0,0,0,981
2016-01-15,SEA,1002,21,1,0,1024,0,0,0,1024
2016-03-15,SEA,1023,20,4,1,1048,0,0,0,1048
2016-01-16,SEA,812,17,2,0,831,0,0,0,831
2016-03-14,SEA,1056,15,4,0,1075,0,0,0,1075
2016-01-17,SEA,899,15,6,0,920,0,0,0,920
2016-03-13,SEA,999,13,1,0,1013,0,0,0,1013
2016-01-18,SEA,984,18,10,0,1012,0,0,0,1012
2016-03-12,SEA,898,23,2,0,923,0,0,0,923
2016-01-19,SEA,944,23,5,0,972,0,0,0,972
2016-03-11,SEA,1018,24,5,1,1048,0,0,0,1048
2016-01-20,SEA,980,24,9,1,1014,0,0,0,1014
2016-03-10,SEA,1017,23,5,0,1045,0,0,0,1045
2016-01-21,SEA,980,17,8,0,1005,0,0,0,1005
2016-03-09,SEA,998,27,5,0,1030,0,0,0,1030
2016-01-22,SEA,972,24,5,0,1001,0,0,0,1001
2016-03-08,SEA,967,21,5,0,993,0,0,0,993
2016-01-23,SEA,817,17,1,0,835,0,0,0,835
2016-03-16,SEA,1033,16,12,0,1061,0,0,0,1061
2016-03-07,SEA,999,24,4,0,1027,0,0,0,1027
2016-01-14,SEA,982,16,8,0,1006,0,0,0,1006
2016-01-13,SEA,981,15,4,0,1000,0,0,0,1000
2016-03-26,SEA,933,15,14,0,962,0,0,0,962
2016-01-05,SEA,992,27,4,2,1025,0,0,0,1025
2016-03-25,SEA,1070,22,10,0,1102,0,0,0,1102
2016-01-06,SEA,971,23,8,3,1005,0,0,0,1005
2016-03-24,SEA,1049,20,13,1,1083,0,0,0,1083
2016-01-07,SEA,976,23,2,0,1001,0,0,0,1001
2016-03-23,SEA,1000,21,6,0,1027,0,0,0,1027
2016-01-08,SEA,997,23,9,0,1029,0,0,0,1029
2016-03-22,SEA,1018,27,10,0,1055,0,0,0,1055
2016-01-09,SEA,858,24,7,0,889,0,0,0,889
2016-03-21,SEA,1043,21,4,0,1068,0,0,0,1068
2016-01-10,SEA,947,15,11,0,973,0,0,0,973
2016-03-20,SEA,991,18,8,0,1017,0,0,0,1017
2016-01-11,SEA,981,26,5,0,1012,0,0,0,1012
2016-03-19,SEA,931,17,20,0,968,0,0,0,968
2016-01-12,SEA,943,24,7,2,976,0,0,0,976
2016-03-18,SEA,1072,20,20,0,1112,0,0,0,1112
2016-03-17,SEA,1054,20,13,0,1087,0,0,0,1087
2016-01-04,SEA,1051,21,0,3,1075,0,0,0,1075
2016-01-24,SEA,915,18,7,0,940,0,0,0,940
2016-01-25,SEA,962,16,15,0,993,0,0,0,993
2016-02-05,SEA,1019,22,6,0,1047,0,0,0,1047
2016-02-23,SEA,971,22,22,0,1015,0,0,0,1015
2016-02-06,SEA,848,20,15,0,883,0,0,0,883
2016-02-22,SEA,994,21,10,0,1025,0,0,0,1025
2016-02-07,SEA,895,14,17,0,926,0,0,0,926
2016-02-21,SEA,969,16,8,0,993,0,0,0,993
2016-02-08,SEA,989,19,13,0,1021,0,0,0,1021
2016-02-20,SEA,869,18,14,1,902,0,0,0,902
2016-02-09,SEA,946,19,11,0,976,0,0,0,976
2016-02-19,SEA,1016,24,5,0,1045,0,0,0,1045
2016-02-10,SEA,990,20,8,0,1018,0,0,0,1018
2016-02-18,SEA,1005,23,6,0,1034,0,0,0,1034
2016-02-11,SEA,1009,20,5,1,1035,0,0,0,1035
2016-02-17,SEA,1001,21,5,0,1027,0,0,0,1027
2016-02-12,SEA,1025,22,7,0,1054,0,0,0,1054
2016-02-16,SEA,979,26,10,1,1016,0,0,0,1016
2016-02-13,SEA,855,18,9,0,882,0,0,0,882
2016-02-24,SEA,985,25,9,0,1019,0,0,0,1019
2016-03-06,SEA,985,14,6,0,1005,0,0,0,1005
2016-02-04,SEA,1004,25,3,3,1035,0,0,0,1035
2016-02-03,SEA,965,21,11,0,997,0,0,0,997
2016-03-05,SEA,885,21,10,0,916,0,0,0,916
2016-01-26,SEA,957,19,3,0,979,0,0,0,979
2016-03-04,SEA,1034,26,4,0,1064,0,0,0,1064
2016-01-27,SEA,962,19,3,0,984,0,0,0,984
2016-03-03,SEA,1005,22,12,1,1040,0,0,0,1040
2016-01-28,SEA,985,19,11,0,1015,0,0,0,1015
2016-03-02,SEA,1009,20,7,1,1037,0,0,0,1037
2016-01-29,SEA,1010,16,4,0,1030,0,0,0,1030
2016-03-01,SEA,982,22,2,0,1006,0,0,0,1006
2016-01-30,SEA,833,19,11,0,863,0,0,0,863
2016-02-29,SEA,993,22,14,0,1029,0,0,0,1029
2016-01-31,SEA,934,14,7,0,955,0,0,0,955
2016-02-28,SEA,970,22,1,0,993,0,0,0,993
2016-02-01,SEA,986,19,1,0,1006,0,0,0,1006
2016-02-27,SEA,857,23,1,0,881,0,0,0,881
2016-02-02,SEA,929,23,11,0,963,0,0,0,963
2016-02-26,SEA,1018,28,12,0,1058,0,0,0,1058
2016-02-25,SEA,1009,28,7,0,1044,0,0,0,1044
2016-07-30,SEA,1113,69,5,0,1187,0,0,0,1187
2016-03-27,SEA,1005,19,11,0,1035,0,0,0,1035
2016-03-28,SEA,1036,23,15,0,1074,0,0,0,1074
2015-12-04,SEA,1009,21,7,0,1037,0,0,0,1037
2016-04-26,SEA,1064,13,17,3,1097,0,0,0,1097
2015-12-05,SEA,840,16,0,0,856,0,0,0,856
2016-04-25,SEA,1098,30,12,0,1140,0,0,0,1140
2015-12-06,SEA,967,15,4,0,986,0,0,0,986
2016-04-24,SEA,1054,10,1,0,1065,0,0,0,1065
2015-12-07,SEA,1001,29,7,0,1037,0,0,0,1037
2016-04-23,SEA,933,18,9,0,960,0,0,0,960
2015-12-08,SEA,1001,17,9,0,1027,0,0,0,1027
2016-04-22,SEA,1103,11,5,0,1119,0,0,0,1119
2015-12-09,SEA,1008,20,8,0,1036,0,0,0,1036
2016-04-21,SEA,1109,11,9,1,1130,0,0,0,1130
2015-12-10,SEA,948,18,9,0,975,0,0,0,975
2016-04-20,SEA,1079,19,18,0,1116,0,0,0,1116
2015-12-11,SEA,1016,20,7,0,1043,0,0,0,1043
2016-04-19,SEA,1046,16,13,0,1075,0,0,0,1075
2015-12-12,SEA,851,22,0,1,874,0,0,0,874
2016-04-27,SEA,1065,18,33,0,1116,0,0,0,1116
2016-04-18,SEA,1103,22,13,0,1138,0,0,0,1138
2015-12-03,SEA,1012,19,32,0,1063,0,0,0,1063
2015-12-02,SEA,1011,16,10,0,1037,0,0,0,1037
2016-05-07,SEA,958,13,14,0,985,0,0,0,985
2015-11-24,SEA,993,20,19,0,1032,0,0,0,1032
2016-05-06,SEA,1134,18,14,0,1166,0,0,0,1166
2015-11-25,SEA,1045,17,26,0,1088,0,0,0,1088
2016-05-05,SEA,1128,20,19,0,1167,0,0,0,1167
2015-11-26,SEA,705,11,12,0,728,0,0,0,728
2016-05-04,SEA,1080,17,7,0,1104,0,0,0,1104
2015-11-27,SEA,823,14,7,0,844,0,0,0,844
2016-05-03,SEA,1063,16,9,1,1089,0,0,0,1089
2015-11-28,SEA,966,22,16,0,1004,0,0,0,1004
2016-05-02,SEA,1107,19,12,0,1138,0,0,0,1138
2015-11-29,SEA,1028,15,1,0,1044,0,0,0,1044
2016-05-01,SEA,1086,24,34,0,1144,0,0,0,1144
2015-11-30,SEA,1056,26,12,0,1094,0,0,0,1094
2016-04-30,SEA,936,20,18,0,974,0,0,0,974
2015-12-01,SEA,991,19,7,0,1017,0,0,0,1017
2016-04-29,SEA,1109,12,10,0,1131,0,0,0,1131
2016-04-28,SEA,1109,17,33,0,1159,0,0,0,1159
2016-01-03,SEA,1067,13,4,0,1084,0,0,0,1084
2015-12-13,SEA,967,16,0,0,983,0,0,0,983
2015-12-14,SEA,981,27,6,0,1014,0,0,0,1014
2015-12-25,SEA,869,6,3,0,878,0,0,0,878
2016-04-05,SEA,1035,18,5,2,1060,0,0,0,1060
2015-12-26,SEA,1006,18,7,2,1033,0,0,0,1033
2016-04-04,SEA,1072,16,3,0,1091,0,0,0,1091
2015-12-27,SEA,1056,14,2,0,1072,0,0,0,1072
2016-04-03,SEA,1001,5,10,0,1016,0,0,0,1016
2015-12-28,SEA,1074,19,6,0,1099,0,0,0,1099
2016-04-02,SEA,909,16,20,0,945,0,0,0,945
2015-12-29,SEA,1088,22,16,1,1127,0,0,0,1127
2016-04-01,SEA,1061,15,9,0,1085,0,0,0,1085
2015-12-30,SEA,1117,23,16,0,1156,0,0,0,1156
2016-03-31,SEA,1062,18,14,0,1094,0,0,0,1094
2015-12-31,SEA,936,18,13,1,968,0,0,0,968
2016-03-30,SEA,1026,17,21,0,1064,0,0,0,1064
2016-01-01,SEA,916,14,9,0,939,0,0,0,939
2016-03-29,SEA,1021,20,11,0,1052,0,0,0,1052
2016-01-02,SEA,1039,14,8,0,1061,0,0,0,1061
2016-04-06,SEA,1050,21,15,1,1087,0,0,0,1087
2016-04-17,SEA,1063,13,34,0,1110,0,0,0,1110
2015-12-24,SEA,993,19,2,0,1014,0,0,0,1014
2015-12-23,SEA,1107,23,5,0,1135,0,0,0,1135
2016-04-16,SEA,936,18,14,0,968,0,0,0,968
2015-12-15,SEA,961,25,6,3,995,0,0,0,995
2016-04-15,SEA,1118,8,14,0,1140,0,0,0,1140
2015-12-16,SEA,1028,27,11,1,1067,0,0,0,1067
2016-04-14,SEA,1107,13,10,0,1130,0,0,0,1130
2015-12-17,SEA,1034,23,5,0,1062,0,0,0,1062
2016-04-13,SEA,1061,17,8,0,1086,0,0,0,1086
2015-12-18,SEA,1062,22,5,0,1089,0,0,0,1089
2016-04-12,SEA,1041,28,1,0,1070,0,0,0,1070
2015-12-19,SEA,1026,21,6,0,1053,0,0,0,1053
2016-04-11,SEA,1062,24,10,1,1097,0,0,0,1097
2015-12-20,SEA,1067,11,3,0,1081,0,0,0,1081
2016-04-10,SEA,1048,7,6,0,1061,0,0,0,1061
2015-12-21,SEA,1082,22,2,0,1106,0,0,0,1106
2016-04-09,SEA,917,20,13,0,950,20,0,20,970
2015-12-22,SEA,1125,22,6,0,1153,0,0,0,1153
2016-04-08,SEA,1100,27,12,0,1139,0,0,0,1139
2016-04-07,SEA,1078,15,9,0,1102,0,0,0,1102
2015-08-31,SEA,1149,24,5,0,1178,0,0,0,1178
2016-07-31,SEA,1189,83,6,0,1278,0,0,0,1278
2015-08-30,SEA,1144,21,7,0,1172,0,0,0,1172
2016-11-22,SEA,1055,12,4,0,1071,0,0,0,1071
2015-05-09,SEA,860,17,24,0,901,0,0,0,901
2016-11-21,SEA,1061,19,1,0,1081,0,0,0,1081
2015-05-10,SEA,965,15,22,0,1002,0,0,0,1002
2016-11-20,SEA,1018,6,3,0,1027,0,0,0,1027
2015-05-11,SEA,1025,21,1,1,1048,0,0,0,1048
2016-11-19,SEA,958,5,2,2,967,0,0,0,967
2015-05-12,SEA,1008,24,2,1,1035,0,0,0,1035
2016-11-18,SEA,1134,12,7,0,1153,0,0,0,1153
2015-05-13,SEA,1017,21,4,0,1042,0,0,0,1042
2016-11-17,SEA,1113,13,12,0,1138,0,0,0,1138
2015-05-14,SEA,1034,22,12,2,1070,0,0,0,1070
2016-11-16,SEA,1084,12,4,0,1100,0,0,0,1100
2015-05-15,SEA,1047,19,11,4,1081,0,0,0,1081
2016-11-15,SEA,1045,17,7,0,1069,0,0,0,1069
2015-05-16,SEA,896,17,10,6,929,0,0,0,929
2016-11-14,SEA,1096,17,4,0,1117,0,0,0,1117
2015-05-08,SEA,1023,23,25,0,1071,0,0,0,1071
2015-05-17,SEA,1009,17,10,4,1040,0,0,0,1040
2016-11-23,SEA,1124,13,4,0,1141,0,0,0,1141
2016-11-24,SEA,782,4,0,0,786,0,0,0,786
2015-04-28,SEA,937,19,7,0,963,0,0,0,963
2016-12-02,SEA,1092,12,4,0,1108,0,0,0,1108
2015-04-29,SEA,974,18,9,0,1001,0,0,0,1001
2016-12-01,SEA,1071,19,4,0,1094,0,0,0,1094
2015-04-30,SEA,977,16,10,0,1003,0,0,0,1003
2016-11-30,SEA,1075,12,5,0,1092,0,0,0,1092
2015-05-01,SEA,999,29,19,10,1057,0,0,0,1057
2016-11-29,SEA,1067,14,4,0,1085,0,0,0,1085
2015-05-02,SEA,835,20,21,0,876,0,0,0,876
2016-11-28,SEA,1144,15,5,0,1164,0,0,0,1164
2015-05-03,SEA,956,16,14,1,987,0,0,0,987
2016-11-27,SEA,1141,2,3,0,1146,0,0,0,1146
2015-05-04,SEA,994,27,7,3,1031,0,0,0,1031
2016-11-26,SEA,1018,6,4,0,1028,0,0,0,1028
2015-05-05,SEA,980,19,8,0,1007,0,0,0,1007
2016-11-25,SEA,913,13,4,0,930,0,0,0,930
2015-05-06,SEA,998,22,12,0,1032,0,0,0,1032
2015-05-07,SEA,1015,24,15,0,1054,0,0,0,1054
2016-12-03,SEA,882,10,1,0,893,0,0,0,893
2016-11-13,SEA,1033,5,7,0,1045,0,0,0,1045
2016-11-12,SEA,920,5,2,0,927,0,0,0,927
2016-11-01,SEA,1066,15,6,0,1087,0,0,0,1087
2015-05-30,SEA,903,19,14,0,936,0,0,0,936
2016-10-31,SEA,1079,19,0,0,1098,0,0,0,1098
2015-05-31,SEA,1022,22,13,0,1057,0,0,0,1057
2016-10-30,SEA,1040,4,0,0,1044,0,0,0,1044
2015-06-01,SEA,1054,22,9,0,1085,0,0,0,1085
2016-10-29,SEA,957,9,4,1,971,0,0,0,971
2015-06-02,SEA,1056,23,8,0,1087,0,0,0,1087
2016-10-28,SEA,1159,13,6,2,1180,0,0,0,1180
2015-06-03,SEA,1057,22,8,0,1087,0,0,0,1087
2016-10-27,SEA,1125,15,1,1,1142,0,0,0,1142
2015-06-04,SEA,1123,30,12,0,1165,0,0,0,1165
2016-10-26,SEA,1097,13,7,0,1117,0,0,0,1117
2015-06-05,SEA,1127,21,17,0,1165,0,0,0,1165
2016-10-25,SEA,1093,14,2,0,1109,0,0,0,1109
2015-06-06,SEA,998,20,11,0,1029,0,0,0,1029
2016-10-24,SEA,1117,10,5,0,1132,0,0,0,1132
2015-05-29,SEA,1064,32,17,0,1113,0,0,0,1113
2015-05-18,SEA,1034,26,18,0,1078,0,0,0,1078
2016-11-02,SEA,1084,15,4,0,1103,0,0,0,1103
2016-11-03,SEA,1105,16,2,0,1123,0,0,0,1123
2015-05-19,SEA,1017,29,7,1,1054,0,0,0,1054
2016-11-11,SEA,1113,8,6,0,1127,0,0,0,1127
2015-05-20,SEA,1039,19,7,0,1065,0,0,0,1065
2016-11-10,SEA,1121,14,6,0,1141,0,0,0,1141
2015-05-21,SEA,1067,25,19,0,1111,0,0,0,1111
2016-11-09,SEA,1092,13,4,0,1109,0,0,0,1109
2015-05-22,SEA,1068,19,7,0,1094,0,0,0,1094
2016-11-08,SEA,1024,13,6,0,1043,0,0,0,1043
2015-05-23,SEA,870,22,2,0,894,0,0,0,894
2016-11-07,SEA,1091,12,4,0,1107,0,0,0,1107
2015-05-24,SEA,864,14,3,0,881,0,0,0,881
2016-11-06,SEA,1059,1,2,0,1062,0,0,0,1062
2015-05-25,SEA,1017,13,9,0,1039,0,0,0,1039
2016-11-05,SEA,961,3,1,0,965,0,0,0,965
2015-05-26,SEA,1021,23,21,2,1067,0,0,0,1067
2016-11-04,SEA,1166,12,3,0,1181,0,0,0,1181
2015-05-27,SEA,1048,20,25,1,1094,0,0,0,1094
2015-05-28,SEA,1073,24,16,2,1115,0,0,0,1115
2015-06-07,SEA,1114,21,25,0,1160,0,0,0,1160
2015-04-27,SEA,973,18,13,0,1004,0,0,0,1004
2015-04-26,SEA,932,12,15,0,959,0,0,0,959
2017-01-03,SEA,1055,10,4,0,1069,0,0,0,1069
2015-03-28,SEA,838,26,21,0,885,0,0,0,885
2017-01-02,SEA,1122,2,1,0,1125,0,0,0,1125
2015-03-29,SEA,916,19,14,0,949,0,0,0,949
2017-01-01,SEA,919,0,0,0,919,0,0,0,919
2015-03-30,SEA,940,26,11,2,979,0,0,0,979
2016-12-31,SEA,922,5,0,0,927,0,0,0,927
2015-03-31,SEA,944,26,7,0,977,0,0,0,977
2016-12-30,SEA,1168,15,3,0,1186,0,0,0,1186
2015-04-01,SEA,931,25,11,0,967,0,0,0,967
2016-12-29,SEA,1167,12,0,0,1179,0,0,0,1179
2015-04-02,SEA,939,26,8,1,974,0,0,0,974
2016-12-28,SEA,1153,16,5,0,1174,0,0,0,1174
2015-04-03,SEA,945,24,6,0,975,0,0,0,975
2016-12-27,SEA,1110,21,4,0,1135,0,0,0,1135
2015-04-04,SEA,801,21,7,0,829,0,0,0,829
2016-12-26,SEA,1098,1,2,0,1101,0,0,0,1101
2015-03-27,SEA,959,22,5,0,986,0,0,0,986
2015-04-05,SEA,891,20,12,0,923,0,0,0,923
2017-01-04,SEA,1064,14,8,0,1086,0,0,0,1086
2017-01-05,SEA,1063,14,8,0,1085,0,0,0,1085
2015-03-17,SEA,919,26,1,0,946,0,0,0,946
2017-01-13,SEA,1075,10,3,1,1089,0,0,0,1089
2015-03-18,SEA,947,24,5,0,976,0,0,0,976
2017-01-12,SEA,1037,18,3,0,1058,0,0,0,1058
2015-03-19,SEA,947,29,16,0,992,0,0,0,992
2017-01-11,SEA,1011,14,8,0,1033,0,0,0,1033
2015-03-20,SEA,958,24,11,0,993,0,0,0,993
2017-01-10,SEA,995,19,8,1,1023,0,0,0,1023
2015-03-21,SEA,832,23,4,0,859,0,0,0,859
2017-01-09,SEA,1052,11,5,0,1068,0,0,0,1068
2015-03-22,SEA,901,24,10,1,936,0,0,0,936
2017-01-08,SEA,917,1,5,0,923,0,0,0,923
2015-03-23,SEA,943,29,4,0,976,0,0,0,976
2017-01-07,SEA,853,9,3,0,865,0,0,0,865
2015-03-24,SEA,924,26,6,1,957,0,0,0,957
2017-01-06,SEA,1088,11,5,0,1104,0,0,0,1104
2015-03-25,SEA,952,27,5,0,984,0,0,0,984
2015-03-26,SEA,949,25,12,1,987,0,0,0,987
2016-12-04,SEA,1009,5,5,0,1019,0,0,0,1019
2016-12-25,SEA,903,0,2,0,905,0,0,0,905
2016-12-24,SEA,950,11,2,0,963,0,0,0,963
2016-12-13,SEA,1036,35,24,0,1095,0,0,0,1095
2015-04-18,SEA,833,24,25,0,882,0,0,0,882
2016-12-12,SEA,1032,17,2,0,1051,0,0,0,1051
2015-04-19,SEA,942,17,24,0,983,0,0,0,983
2016-12-11,SEA,977,7,3,1,988,0,0,0,988
2015-04-20,SEA,950,23,15,0,988,0,0,0,988
2016-12-10,SEA,903,7,3,0,913,0,0,0,913
2015-04-21,SEA,952,20,13,0,985,0,0,0,985
2016-12-09,SEA,1036,13,4,0,1053,0,0,0,1053
2015-04-22,SEA,975,18,13,0,1006,0,0,0,1006
2016-12-08,SEA,993,15,2,0,1010,0,0,0,1010
2015-04-23,SEA,983,17,3,0,1003,0,0,0,1003
2016-12-07,SEA,1058,14,2,0,1074,0,0,0,1074
2015-04-24,SEA,988,17,9,2,1016,0,0,0,1016
2016-12-06,SEA,998,18,4,0,1020,0,0,0,1020
2015-04-25,SEA,833,21,10,0,864,0,0,0,864
2016-12-05,SEA,984,13,1,0,998,0,0,0,998
2015-04-17,SEA,989,18,23,0,1030,0,0,0,1030
2015-04-06,SEA,953,25,7,0,985,0,0,0,985
2016-12-14,SEA,1038,19,4,0,1061,0,0,0,1061
2016-12-15,SEA,1081,16,3,1,1101,0,0,0,1101
2015-04-07,SEA,931,23,6,2,962,0,0,0,962
2016-12-23,SEA,1191,14,2,0,1207,0,0,0,1207
2015-04-08,SEA,966,24,10,0,1000,0,0,0,1000
2016-12-22,SEA,1186,17,3,0,1206,0,0,0,1206
2015-04-09,SEA,973,25,20,0,1018,0,0,0,1018
2016-12-21,SEA,1173,15,4,0,1192,0,0,0,1192
2015-04-10,SEA,985,23,4,0,1012,0,0,0,1012
2016-12-20,SEA,1144,14,3,0,1161,0,0,0,1161
2015-04-11,SEA,838,25,4,0,867,0,0,0,867
2016-12-19,SEA,1138,19,2,0,1159,0,0,0,1159
2015-04-12,SEA,940,25,18,1,984,0,0,0,984
2016-12-18,SEA,1089,2,2,0,1093,0,0,0,1093
2015-04-13,SEA,973,26,4,2,1005,0,0,0,1005
2016-12-17,SEA,992,8,2,0,1002,0,0,0,1002
2015-04-14,SEA,946,24,3,5,978,0,0,0,978
2016-12-16,SEA,1129,12,5,0,1146,0,0,0,1146
2015-04-15,SEA,963,22,11,0,996,0,0,0,996
2015-04-16,SEA,976,29,9,0,1014,0,0,0,1014
2015-03-16,SEA,972,30,11,1,1014,0,0,0,1014
2016-10-23,SEA,1083,5,2,0,1090,0,0,0,1090
2016-10-22,SEA,965,4,1,0,970,0,0,0,970
2016-08-30,SEA,1157,80,10,0,1247,0,0,0,1247
2015-08-01,SEA,1142,27,17,0,1186,0,0,0,1186
2016-08-29,SEA,1194,72,7,3,1276,0,0,0,1276
2015-08-02,SEA,1184,33,20,0,1237,0,0,0,1237
2016-08-28,SEA,1163,61,5,2,1231,0,0,0,1231
2015-08-03,SEA,1224,29,14,0,1267,0,0,0,1267
2016-08-27,SEA,1116,68,10,1,1195,0,0,0,1195
2015-08-04,SEA,1229,28,24,0,1281,0,0,0,1281
2016-08-26,SEA,1239,87,9,0,1335,0,0,0,1335
2015-08-05,SEA,1230,26,15,0,1271,0,0,0,1271
2016-08-25,SEA,1239,95,22,2,1358,0,0,0,1358
2015-08-06,SEA,1219,28,20,2,1269,0,0,0,1269
2016-08-24,SEA,1204,88,4,0,1296,0,0,0,1296
2015-08-07,SEA,1214,24,17,0,1255,0,0,0,1255
2016-08-23,SEA,1213,86,7,0,1306,0,0,0,1306
2015-08-08,SEA,1159,26,17,2,1204,0,0,0,1204
2016-08-22,SEA,1251,84,7,0,1342,0,0,0,1342
2015-07-31,SEA,1190,36,13,1,1240,0,0,0,1240
2015-08-09,SEA,1158,25,19,1,1203,0,0,0,1203
2016-08-31,SEA,1189,83,3,2,1277,0,0,0,1277
2016-09-01,SEA,1177,67,3,0,1247,0,0,0,1247
2015-07-21,SEA,1183,31,8,0,1222,0,0,0,1222
2016-09-09,SEA,1135,75,7,0,1217,0,0,0,1217
2015-07-22,SEA,1192,30,17,0,1239,0,0,0,1239
2016-09-08,SEA,1123,77,9,0,1209,0,0,0,1209
2015-07-23,SEA,1180,36,16,0,1232,0,0,0,1232
2016-09-07,SEA,1103,77,4,0,1184,0,0,0,1184
2015-07-24,SEA,1199,33,9,0,1241,0,0,0,1241
2016-09-06,SEA,1095,68,5,0,1168,0,0,0,1168
2015-07-25,SEA,1113,22,6,0,1141,0,0,0,1141
2016-09-05,SEA,1070,61,2,0,1133,0,0,0,1133
2015-07-26,SEA,1135,27,7,1,1170,0,0,0,1170
2016-09-04,SEA,1033,57,5,0,1095,0,0,0,1095
2015-07-27,SEA,1191,29,16,0,1236,0,0,0,1236
2016-09-03,SEA,961,53,9,0,1023,0,0,0,1023
2015-07-28,SEA,1187,29,16,0,1232,0,0,0,1232
2016-09-02,SEA,1186,72,2,0,1260,0,0,0,1260
2015-07-29,SEA,1191,32,18,1,1242,0,0,0,1242
2015-07-30,SEA,1170,38,15,0,1223,0,0,0,1223
2016-09-10,SEA,942,62,3,0,1007,0,0,0,1007
2016-08-21,SEA,1191,74,6,1,1272,0,0,0,1272
2016-08-20,SEA,1131,81,7,0,1219,0,0,0,1219
2016-08-09,SEA,1222,76,5,0,1303,0,0,0,1303
2015-08-22,SEA,1115,25,16,0,1156,0,0,0,1156
2016-08-08,SEA,1217,83,12,1,1313,0,0,0,1313
2015-08-23,SEA,1124,28,8,0,1160,0,0,0,1160
2016-08-07,SEA,1210,78,7,0,1295,0,0,0,1295
2015-08-24,SEA,1168,28,12,0,1208,0,0,0,1208
2016-08-06,SEA,1181,73,6,0,1260,0,0,0,1260
2015-08-25,SEA,1155,28,11,1,1195,0,0,0,1195
2016-08-05,SEA,1268,83,11,0,1362,0,0,0,1362
2015-08-26,SEA,1180,27,18,1,1226,0,0,0,1226
2016-08-04,SEA,1270,81,20,0,1371,0,0,0,1371
2015-08-27,SEA,1181,26,20,0,1227,0,0,0,1227
2016-08-03,SEA,1268,84,7,0,1359,0,0,0,1359
2015-08-28,SEA,1184,34,10,0,1228,0,0,0,1228
2016-08-02,SEA,1243,90,5,0,1338,0,0,0,1338
2015-08-29,SEA,1088,28,2,0,1118,0,0,0,1118
2016-08-01,SEA,1293,75,3,0,1371,0,0,0,1371
2015-08-21,SEA,1205,23,13,0,1241,0,0,0,1241
2015-08-10,SEA,1193,29,15,2,1239,0,0,0,1239
2016-08-10,SEA,1255,76,7,0,1338,0,0,0,1338
2016-08-11,SEA,1257,81,17,0,1355,0,0,0,1355
2015-08-11,SEA,1186,27,17,0,1230,0,0,0,1230
2016-08-19,SEA,1247,82,13,0,1342,0,0,0,1342
2015-08-12,SEA,1214,24,16,0,1254,0,0,0,1254
2016-08-18,SEA,1242,84,9,0,1335,0,0,0,1335
2015-08-13,SEA,1207,26,21,0,1254,0,0,0,1254
2016-08-17,SEA,1247,88,7,0,1342,0,0,0,1342
2015-08-14,SEA,1155,22,1,0,1178,0,0,0,1178
2016-08-16,SEA,1218,81,4,0,1303,0,0,0,1303
2015-08-15,SEA,1160,24,18,0,1202,0,0,0,1202
2016-08-15,SEA,1261,77,9,0,1347,0,0,0,1347
2015-08-16,SEA,1159,25,36,1,1221,0,0,0,1221
2016-08-14,SEA,1196,75,11,0,1282,0,0,0,1282
2015-08-17,SEA,1181,27,10,0,1218,0,0,0,1218
2016-08-13,SEA,1131,78,8,0,1217,0,0,0,1217
2015-08-18,SEA,1186,34,14,0,1234,0,0,0,1234
2016-08-12,SEA,1259,78,9,0,1346,0,0,0,1346
2015-08-19,SEA,1185,32,21,1,1239,0,0,0,1239
2015-08-20,SEA,1158,25,19,2,1204,0,0,0,1204
2015-06-08,SEA,1145,28,22,0,1195,0,0,0,1195
2015-07-20,SEA,1174,37,19,0,1230,0,0,0,1230
2015-07-19,SEA,1145,25,18,1,1189,0,0,0,1189
2016-10-11,SEA,1085,14,3,0,1102,0,0,0,1102
2015-06-20,SEA,1086,27,10,0,1123,0,0,0,1123
2016-10-10,SEA,1142,18,2,1,1163,0,0,0,1163
2015-06-21,SEA,1128,25,11,0,1164,0,0,0,1164
2016-10-09,SEA,1088,12,11,0,1111,0,0,0,1111
2015-06-22,SEA,1169,29,9,1,1208,0,0,0,1208
2016-10-08,SEA,971,8,2,0,981,0,0,0,981
2015-06-23,SEA,1150,39,14,0,1203,0,0,0,1203
2016-10-07,SEA,1181,11,3,0,1195,0,0,0,1195
2015-06-24,SEA,1161,36,20,0,1217,0,0,0,1217
2016-10-06,SEA,1130,11,2,0,1143,0,0,0,1143
2015-06-25,SEA,1162,38,37,1,1238,0,0,0,1238
2016-10-05,SEA,1133,12,0,0,1145,0,0,0,1145
2015-06-26,SEA,1158,26,25,0,1209,0,0,0,1209
2016-10-04,SEA,1120,14,13,0,1147,0,0,0,1147
2015-06-27,SEA,1094,22,19,0,1135,0,0,0,1135
2016-10-03,SEA,1140,19,5,0,1164,0,0,0,1164
2015-06-19,SEA,1173,28,20,0,1221,0,0,0,1221
2015-06-28,SEA,1108,19,12,0,1139,0,0,0,1139
2016-10-12,SEA,1120,14,25,0,1159,0,0,0,1159
2016-10-13,SEA,1118,11,3,0,1132,0,0,0,1132
2015-06-09,SEA,1134,29,9,0,1172,0,0,0,1172
2016-10-21,SEA,1156,11,2,0,1169,0,0,0,1169
2015-06-10,SEA,1137,26,6,0,1169,0,0,0,1169
2016-10-20,SEA,1157,17,4,0,1178,0,0,0,1178
2015-06-11,SEA,1161,20,20,0,1201,0,0,0,1201
2016-10-19,SEA,1118,18,4,0,1140,0,0,0,1140
2015-06-12,SEA,1162,21,15,2,1200,0,0,0,1200
2016-10-18,SEA,1098,18,7,0,1123,0,0,0,1123
2015-06-13,SEA,1077,23,20,0,1120,0,0,0,1120
2016-10-17,SEA,1137,12,3,0,1152,0,0,0,1152
2015-06-14,SEA,1104,19,17,0,1140,0,0,0,1140
2016-10-16,SEA,1079,4,1,0,1084,0,0,0,1084
2015-06-15,SEA,1152,25,19,0,1196,0,0,0,1196
2016-10-15,SEA,948,6,4,0,958,0,0,0,958
2015-06-16,SEA,1147,23,16,0,1186,0,0,0,1186
2016-10-14,SEA,1134,14,7,0,1155,0,0,0,1155
2015-06-17,SEA,1142,26,14,0,1182,0,0,0,1182
2015-06-18,SEA,1159,23,13,0,1195,0,0,0,1195
2016-09-11,SEA,1079,67,10,0,1156,0,0,0,1156
2016-10-02,SEA,1109,3,2,0,1114,0,0,0,1114
2016-10-01,SEA,983,15,4,0,1002,0,0,0,1002
2016-09-20,SEA,1133,21,9,0,1163,0,0,0,1163
2015-07-11,SEA,1207,28,16,0,1251,0,0,0,1251
2016-09-19,SEA,1163,15,4,0,1182,0,0,0,1182
2015-07-12,SEA,1156,20,14,0,1190,0,0,0,1190
2016-09-18,SEA,1123,5,1,0,1129,0,0,0,1129
2015-07-13,SEA,1187,29,13,1,1230,0,0,0,1230
2016-09-17,SEA,1009,13,5,0,1027,0,0,0,1027
2015-07-14,SEA,1179,33,27,0,1239,0,0,0,1239
2016-09-16,SEA,1199,16,3,0,1218,0,0,0,1218
2015-07-15,SEA,1185,28,21,0,1234,0,0,0,1234
2016-09-15,SEA,1165,14,11,1,1191,0,0,0,1191
2015-07-16,SEA,1184,32,19,0,1235,0,0,0,1235
2016-09-14,SEA,1103,73,8,0,1184,0,0,0,1184
2015-07-17,SEA,1194,27,19,2,1242,0,0,0,1242
2016-09-13,SEA,1071,88,23,1,1183,0,0,0,1183
2015-07-18,SEA,1101,20,20,0,1141,0,0,0,1141
2016-09-12,SEA,1111,75,6,0,1192,0,0,0,1192
2015-07-10,SEA,1202,31,10,1,1244,0,0,0,1244
2015-06-29,SEA,1148,27,8,3,1186,0,0,0,1186
2016-09-21,SEA,1140,15,8,0,1163,0,0,0,1163
2016-09-22,SEA,1168,17,3,0,1188,0,0,0,1188
2015-06-30,SEA,1128,29,9,1,1167,0,0,0,1167
2016-09-30,SEA,1196,12,6,0,1214,0,0,0,1214
2015-07-01,SEA,1185,27,12,0,1224,0,0,0,1224
2016-09-29,SEA,1182,21,17,0,1220,0,0,0,1220
2015-07-02,SEA,1180,29,14,0,1223,0,0,0,1223
2016-09-28,SEA,1136,22,10,0,1168,0,0,0,1168
2015-07-03,SEA,1101,36,22,0,1159,0,0,0,1159
2016-09-27,SEA,1122,17,4,0,1143,0,0,0,1143
2015-07-04,SEA,999,28,10,0,1037,0,0,0,1037
2016-09-26,SEA,1180,19,17,0,1216,0,0,0,1216
2015-07-05,SEA,1136,27,15,0,1178,0,0,0,1178
2016-09-25,SEA,1118,6,7,0,1131,0,0,0,1131
2015-07-06,SEA,1181,30,7,1,1219,0,0,0,1219
2016-09-24,SEA,993,10,5,0,1008,0,0,0,1008
2015-07-07,SEA,1195,42,22,1,1260,0,0,0,1260
2016-09-23,SEA,1206,15,3,0,1224,0,0,0,1224
2015-07-08,SEA,1176,43,24,0,1243,0,0,0,1243
2015-07-09,SEA,1204,30,15,0,1249,0,0,0,1249
2019-10-18,SEA,1293,13,2,0,1308,0,0,0,1308
2017-12-16,SEA,943,41,3,0,987,0,0,0,987
2017-12-17,SEA,1055,34,3,0,1092,0,0,0,1092
2013-01-20,SEA,658,19,1,0,678,0,0,0,678
2019-03-10,SEA,1094,6,4,0,1104,0,0,0,1104
2013-01-21,SEA,713,25,4,0,742,0,0,0,742
2016-02-14,SEA,948,18,2,0,968,0,0,0,968
2013-01-22,SEA,702,33,0,0,735,0,0,0,735
2019-03-08,SEA,1174,15,3,1,1193,0,0,0,1193
2013-01-23,SEA,699,32,10,0,741,0,0,0,741
2019-03-11,SEA,1169,22,7,0,1198,0,0,0,1198
2019-03-07,SEA,1172,11,5,1,1189,0,0,0,1189
2019-03-06,SEA,1127,11,0,0,1138,0,0,0,1138
2013-01-25,SEA,718,33,6,1,758,0,0,0,758
2019-03-05,SEA,1139,19,6,0,1164,0,0,0,1164
2013-01-26,SEA,609,26,3,0,638,0,0,0,638
2019-03-04,SEA,1169,12,9,0,1190,0,0,0,1190
2013-01-27,SEA,674,27,0,0,701,0,0,0,701
2019-03-03,SEA,1080,2,11,0,1093,0,0,0,1093
2013-01-24,SEA,722,35,8,0,765,0,0,0,765
2013-01-19,SEA,620,18,0,0,638,0,0,0,638
2019-03-12,SEA,1175,13,5,0,1193,0,0,0,1193
2013-01-18,SEA,741,28,4,0,773,0,0,0,773
2019-03-21,SEA,1179,16,3,1,1199,0,0,0,1199
2013-01-10,SEA,741,36,3,0,780,0,0,0,780
2019-03-20,SEA,1170,12,3,0,1185,0,0,0,1185
2013-01-11,SEA,739,35,11,0,785,0,0,0,785
2019-03-19,SEA,1178,14,5,0,1197,0,0,0,1197
2013-01-12,SEA,617,28,10,0,655,0,0,0,655
2019-03-18,SEA,1183,19,3,0,1205,0,0,0,1205
2013-01-13,SEA,686,29,15,0,730,0,0,0,730
2019-03-17,SEA,1086,6,2,0,1094,0,0,0,1094
2013-01-14,SEA,718,33,8,0,759,0,0,0,759
2019-03-16,SEA,1045,7,7,0,1059,0,0,0,1059
2013-01-15,SEA,699,34,7,0,740,0,0,0,740
2019-03-15,SEA,1191,11,5,0,1207,0,0,0,1207
2013-01-16,SEA,725,36,17,2,780,0,0,0,780
2019-03-14,SEA,1168,18,12,1,1199,0,0,0,1199
2013-01-17,SEA,751,24,9,0,784,0,0,0,784
2019-03-13,SEA,1135,16,9,0,1160,0,0,0,1160
2013-01-28,SEA,711,33,1,0,745,0,0,0,745
2019-03-02,SEA,1020,7,7,0,1034,0,0,0,1034
2013-01-29,SEA,692,41,5,0,738,0,0,0,738
2019-03-01,SEA,1180,16,4,0,1200,0,0,0,1200
2019-02-18,SEA,1157,15,3,0,1175,0,0,0,1175
2013-02-10,SEA,699,28,5,0,732,0,0,0,732
2019-02-17,SEA,1030,4,7,0,1041,0,0,0,1041
2013-02-11,SEA,727,37,1,3,768,0,0,0,768
2019-02-16,SEA,1001,4,4,0,1009,0,0,0,1009
2013-02-12,SEA,714,38,3,0,755,0,0,0,755
2019-02-15,SEA,1195,13,9,0,1217,0,0,0,1217
2013-02-13,SEA,719,33,6,0,758,0,0,0,758
2019-02-14,SEA,1155,13,2,0,1170,0,0,0,1170
2013-02-14,SEA,771,39,3,0,813,0,0,0,813
2019-02-13,SEA,1083,12,2,0,1097,0,0,0,1097
2013-02-15,SEA,777,31,18,0,826,0,0,0,826
2019-02-12,SEA,1042,7,4,0,1053,0,0,0,1053
2013-02-16,SEA,659,24,5,0,688,0,0,0,688
2019-02-11,SEA,708,7,2,0,717,0,0,0,717
2013-02-17,SEA,699,24,28,0,751,0,0,0,751
2019-02-10,SEA,923,3,2,0,928,0,0,0,928
2013-02-09,SEA,618,26,17,0,661,0,0,0,661
2013-01-09,SEA,722,34,2,0,758,0,0,0,758
2019-02-19,SEA,1163,13,2,0,1178,0,0,0,1178
2019-02-20,SEA,1125,18,2,0,1145,0,0,0,1145
2013-01-30,SEA,711,35,2,0,748,0,0,0,748
2019-02-28,SEA,1183,13,5,0,1201,0,0,0,1201
2013-01-31,SEA,730,33,3,0,766,0,0,0,766
2019-02-27,SEA,1115,14,9,1,1139,0,0,0,1139
2013-02-01,SEA,737,39,16,0,792,0,0,0,792
2019-02-26,SEA,1122,14,1,0,1137,0,0,0,1137
2013-02-02,SEA,615,20,0,0,635,0,0,0,635
2019-02-25,SEA,1117,20,9,0,1146,0,0,0,1146
2013-02-03,SEA,668,26,2,0,696,0,0,0,696
2019-02-24,SEA,1070,5,4,1,1080,0,0,0,1080
2013-02-04,SEA,720,38,6,0,764,0,0,0,764
2019-02-23,SEA,1002,8,2,0,1012,0,0,0,1012
2013-02-05,SEA,700,35,3,0,738,0,0,0,738
2019-02-22,SEA,1187,14,4,1,1206,0,0,0,1206
2013-02-06,SEA,704,37,11,0,752,0,0,0,752
2019-02-21,SEA,1169,13,7,0,1189,0,0,0,1189
2013-02-07,SEA,729,36,13,0,778,0,0,0,778
2013-02-08,SEA,715,37,7,0,759,0,0,0,759
2019-03-22,SEA,1175,14,4,0,1193,0,0,0,1193
2013-01-08,SEA,698,39,8,0,745,0,0,0,745
2019-03-23,SEA,1054,4,9,0,1067,0,0,0,1067
2012-12-09,SEA,711,25,3,0,739,0,0,0,739
2019-04-21,SEA,1127,5,3,0,1135,0,0,0,1135
2012-12-10,SEA,736,34,8,0,778,0,0,0,778
2019-04-20,SEA,1067,4,2,0,1073,0,0,0,1073
2012-12-11,SEA,745,40,25,0,810,0,0,0,810
2019-04-19,SEA,1170,13,5,0,1188,0,0,0,1188
2012-12-12,SEA,748,36,8,0,792,0,0,0,792
2019-04-18,SEA,1197,12,4,0,1213,0,0,0,1213
2012-12-13,SEA,762,35,14,1,812,0,0,0,812
2019-04-17,SEA,1179,16,3,0,1198,0,0,0,1198
2012-12-14,SEA,798,37,5,0,840,0,0,0,840
2019-04-16,SEA,1190,15,7,0,1212,0,0,0,1212
2012-12-15,SEA,690,27,0,0,717,0,0,0,717
2019-04-15,SEA,1202,12,9,0,1223,0,0,0,1223
2012-12-16,SEA,748,25,1,0,774,0,0,0,774
2019-04-14,SEA,1130,6,3,0,1139,0,0,0,1139
2012-12-17,SEA,791,32,2,0,825,0,0,0,825
2019-04-22,SEA,1210,8,9,0,1227,0,0,0,1227
2019-04-13,SEA,1044,5,1,0,1050,0,0,0,1050
2012-12-08,SEA,634,28,8,0,670,0,0,0,670
2012-12-07,SEA,754,32,5,0,791,0,0,0,791
2019-05-02,SEA,1221,14,5,0,1240,0,0,0,1240
2012-11-29,SEA,755,34,6,0,795,0,0,0,795
2019-05-01,SEA,1198,19,12,0,1229,0,0,0,1229
2012-11-30,SEA,754,32,4,0,790,0,0,0,790
2019-04-30,SEA,1185,16,20,0,1221,0,0,0,1221
2012-12-01,SEA,625,28,1,0,654,0,0,0,654
2019-04-29,SEA,1196,15,2,0,1213,0,0,0,1213
2012-12-02,SEA,703,24,0,0,727,0,0,0,727
2019-04-28,SEA,1149,6,6,0,1161,0,0,0,1161
2012-12-03,SEA,730,32,3,0,765,0,0,0,765
2019-04-27,SEA,1057,7,4,0,1068,0,0,0,1068
2012-12-04,SEA,731,36,8,0,775,0,0,0,775
2019-04-26,SEA,1208,12,7,0,1227,0,0,0,1227
2012-12-05,SEA,744,39,8,0,791,0,0,0,791
2019-04-25,SEA,1216,11,2,0,1229,0,0,0,1229
2012-12-06,SEA,758,31,5,0,794,0,0,0,794
2019-04-24,SEA,1181,14,3,0,1198,0,0,0,1198
2019-04-23,SEA,1174,14,7,0,1195,0,0,0,1195
2013-02-18,SEA,749,36,3,0,788,0,0,0,788
2012-12-18,SEA,786,33,2,0,821,0,0,0,821
2012-12-19,SEA,818,37,4,0,859,0,0,0,859
2012-12-30,SEA,764,25,3,0,792,0,0,0,792
2019-03-31,SEA,1130,3,4,0,1137,0,0,0,1137
2012-12-31,SEA,731,37,2,0,770,0,0,0,770
2019-03-30,SEA,1040,5,2,0,1047,0,0,0,1047
2013-01-01,SEA,720,32,24,0,776,0,0,0,776
2019-03-29,SEA,1188,11,7,0,1206,0,0,0,1206
2013-01-02,SEA,814,36,12,0,862,0,0,0,862
2019-03-28,SEA,1198,17,10,0,1225,0,0,0,1225
2013-01-03,SEA,765,40,17,0,822,0,0,0,822
2019-03-27,SEA,1157,17,3,0,1177,0,0,0,1177
2013-01-04,SEA,765,37,4,0,806,0,0,0,806
2019-03-26,SEA,1176,15,8,1,1200,0,0,0,1200
2013-01-05,SEA,673,27,7,0,707,0,0,0,707
2019-03-25,SEA,1167,11,8,0,1186,0,0,0,1186
2013-01-06,SEA,732,29,5,0,766,0,0,0,766
2019-03-24,SEA,1096,4,3,0,1103,0,0,0,1103
2013-01-07,SEA,727,34,2,0,763,0,0,0,763
2019-04-01,SEA,1197,17,8,0,1222,0,0,0,1222
2019-04-12,SEA,1211,11,4,0,1226,0,0,0,1226
2012-12-29,SEA,722,34,2,0,758,0,0,0,758
2012-12-28,SEA,820,34,21,0,875,0,0,0,875
2019-04-11,SEA,1195,18,7,0,1220,0,0,0,1220
2012-12-20,SEA,827,39,10,4,880,0,0,0,880
2019-04-10,SEA,1179,11,3,0,1193,0,0,0,1193
2012-12-21,SEA,830,38,5,0,873,0,0,0,873
2019-04-09,SEA,1179,14,7,0,1200,0,0,0,1200
2012-12-22,SEA,779,42,4,0,825,0,0,0,825
2019-04-08,SEA,1187,13,1,0,1201,0,0,0,1201
2012-12-23,SEA,773,32,3,0,808,0,0,0,808
2019-04-07,SEA,1118,3,4,2,1127,0,0,0,1127
2012-12-24,SEA,737,34,0,2,773,0,0,0,773
2019-04-06,SEA,1043,7,6,0,1056,0,0,0,1056
2012-12-25,SEA,672,27,0,0,699,0,0,0,699
2019-04-05,SEA,1192,10,2,0,1204,0,0,0,1204
2012-12-26,SEA,813,38,0,0,851,0,0,0,851
2019-04-04,SEA,1186,12,7,0,1205,0,0,0,1205
2012-12-27,SEA,812,36,16,0,864,0,0,0,864
2019-04-03,SEA,1166,17,1,0,1184,0,0,0,1184
2019-04-02,SEA,1175,18,6,0,1199,0,0,0,1199
2019-02-09,SEA,787,1,2,0,790,0,0,0,790
2013-02-19,SEA,743,42,15,0,800,0,0,0,800
2019-02-08,SEA,890,11,3,0,904,0,0,0,904
2018-12-17,SEA,1154,17,5,1,1177,0,0,0,1177
2013-04-14,SEA,758,28,6,1,793,0,0,0,793
2018-12-16,SEA,1083,1,0,1,1085,0,0,0,1085
2013-04-15,SEA,809,40,12,0,861,0,0,0,861
2018-12-15,SEA,1007,12,8,0,1027,0,0,0,1027
2013-04-16,SEA,779,39,12,2,832,0,0,0,832
2018-12-14,SEA,1188,17,9,0,1214,0,0,0,1214
2013-04-17,SEA,785,39,23,0,847,0,0,0,847
2018-12-13,SEA,1164,17,3,0,1184,0,0,0,1184
2013-04-18,SEA,797,40,4,0,841,0,0,0,841
2018-12-12,SEA,1106,18,23,1,1148,0,0,0,1148
2013-04-19,SEA,806,41,3,0,850,0,0,0,850
2018-12-11,SEA,1116,15,9,0,1140,0,0,0,1140
2013-04-20,SEA,705,29,9,0,743,0,0,0,743
2018-12-10,SEA,1132,16,10,0,1158,0,0,0,1158
2013-04-21,SEA,763,29,2,0,794,0,0,0,794
2018-12-09,SEA,1077,5,2,0,1084,0,0,0,1084
2013-04-13,SEA,703,32,0,0,735,0,0,0,735
2013-04-22,SEA,796,36,10,0,842,0,0,0,842
2018-12-18,SEA,1135,15,1,0,1151,0,0,0,1151
2018-12-19,SEA,1170,15,2,0,1187,0,0,0,1187
2013-04-03,SEA,787,43,12,0,842,0,0,0,842
2018-12-27,SEA,1226,15,1,0,1242,0,0,0,1242
2013-04-04,SEA,798,41,11,0,850,0,0,0,850
2018-12-26,SEA,1207,22,2,0,1231,0,0,0,1231
2013-04-05,SEA,786,42,4,0,832,0,0,0,832
2018-12-25,SEA,1011,0,0,0,1011,0,0,0,1011
2013-04-06,SEA,699,32,3,1,735,0,0,0,735
2018-12-24,SEA,1068,12,5,0,1085,0,0,0,1085
2013-04-07,SEA,748,29,0,0,777,0,0,0,777
2018-12-23,SEA,1207,3,2,0,1212,0,0,0,1212
2013-04-08,SEA,775,40,4,2,821,0,0,0,821
2018-12-22,SEA,1183,25,7,0,1215,0,0,0,1215
2013-04-09,SEA,765,38,10,1,814,0,0,0,814
2018-12-21,SEA,1239,17,7,0,1263,0,0,0,1263
2013-04-10,SEA,782,39,2,0,823,0,0,0,823
2018-12-20,SEA,1207,9,4,0,1220,0,0,0,1220
2013-04-11,SEA,809,38,7,0,854,0,0,0,854
2013-04-12,SEA,795,42,2,1,840,0,0,0,840
2018-12-28,SEA,1224,10,2,0,1236,0,0,0,1236
2018-12-08,SEA,992,8,6,1,1007,0,0,0,1007
2018-12-07,SEA,1156,13,14,0,1183,0,0,0,1183
2018-11-26,SEA,1158,16,4,1,1179,0,0,0,1179
2013-05-05,SEA,801,30,9,0,840,0,0,0,840
2018-11-25,SEA,1191,5,9,1,1206,0,0,0,1206
2013-05-06,SEA,836,38,12,0,886,0,0,0,886
2018-11-24,SEA,1149,8,9,0,1166,0,0,0,1166
2013-05-07,SEA,807,43,4,0,854,0,0,0,854
2018-11-23,SEA,989,11,3,0,1003,0,0,0,1003
2013-05-08,SEA,836,40,6,0,882,0,0,0,882
2018-11-22,SEA,927,0,0,0,927,0,0,0,927
2013-05-09,SEA,826,41,9,0,876,0,0,0,876
2018-11-21,SEA,1224,13,4,1,1242,0,0,0,1242
2013-05-10,SEA,834,41,24,0,899,0,0,0,899
2018-11-20,SEA,1008,18,4,0,1030,0,0,0,1030
2013-05-11,SEA,718,34,24,0,776,0,0,0,776
2018-11-19,SEA,1144,14,9,0,1167,0,0,0,1167
2013-05-12,SEA,796,32,5,0,833,0,0,0,833
2018-11-18,SEA,1124,5,11,0,1140,0,0,0,1140
2013-05-04,SEA,719,31,17,0,767,0,0,0,767
2013-04-23,SEA,793,38,22,0,853,0,0,0,853
2018-11-27,SEA,1183,16,2,0,1201,0,0,0,1201
2018-11-28,SEA,1123,16,8,0,1147,0,0,0,1147
2013-04-24,SEA,805,42,18,0,865,0,0,0,865
2018-12-06,SEA,1165,18,17,0,1200,0,0,0,1200
2013-04-25,SEA,798,39,14,1,852,0,0,0,852
2018-12-05,SEA,1107,11,4,0,1122,0,0,0,1122
2013-04-26,SEA,795,40,19,0,854,0,0,0,854
2018-12-04,SEA,1111,14,8,0,1133,0,0,0,1133
2013-04-27,SEA,693,31,5,0,729,0,0,0,729
2018-12-03,SEA,1144,15,11,2,1172,0,0,0,1172
2013-04-28,SEA,774,25,9,0,808,0,0,0,808
2018-12-02,SEA,1083,3,5,0,1091,0,0,0,1091
2013-04-29,SEA,797,36,9,0,842,0,0,0,842
2018-12-01,SEA,1005,11,2,0,1018,0,0,0,1018
2013-04-30,SEA,787,39,12,3,841,0,0,0,841
2018-11-30,SEA,1169,20,3,1,1193,0,0,0,1193
2013-05-01,SEA,815,41,14,0,870,0,0,0,870
2018-11-29,SEA,1152,18,13,0,1183,0,0,0,1183
2013-05-02,SEA,819,40,11,0,870,0,0,0,870
2013-05-03,SEA,815,37,21,0,873,0,0,0,873
2012-11-28,SEA,752,36,6,1,795,0,0,0,795
2013-04-02,SEA,773,47,7,2,829,0,0,0,829
2013-04-01,SEA,775,44,10,1,830,0,0,0,830
2019-01-28,SEA,1159,13,7,1,1180,0,0,0,1180
2013-03-03,SEA,718,29,16,0,763,0,0,0,763
2019-01-27,SEA,1039,7,2,0,1048,0,0,0,1048
2013-03-04,SEA,761,39,11,0,811,0,0,0,811
2019-01-26,SEA,991,10,4,0,1005,0,0,0,1005
2013-03-05,SEA,732,39,3,0,774,0,0,0,774
2019-01-25,SEA,1167,21,5,0,1193,0,0,0,1193
2013-03-06,SEA,758,42,3,0,803,0,0,0,803
2019-01-24,SEA,1151,15,4,0,1170,0,0,0,1170
2013-03-07,SEA,773,40,3,0,816,0,0,0,816
2019-01-23,SEA,1114,15,3,0,1132,0,0,0,1132
2013-03-08,SEA,770,38,11,0,819,0,0,0,819
2019-01-22,SEA,1112,14,1,0,1127,0,0,0,1127
2013-03-09,SEA,674,28,15,0,717,0,0,0,717
2019-01-21,SEA,1127,14,1,0,1142,0,0,0,1142
2013-03-10,SEA,741,31,9,0,781,0,0,0,781
2019-01-20,SEA,973,3,4,0,980,0,0,0,980
2013-03-02,SEA,663,30,3,0,696,0,0,0,696
2013-03-11,SEA,787,38,3,0,828,0,0,0,828
2019-01-29,SEA,1114,17,8,1,1140,0,0,0,1140
2019-01-30,SEA,1094,16,8,1,1119,0,0,0,1119
2013-02-20,SEA,751,36,10,1,798,0,0,0,798
2019-02-07,SEA,1154,25,7,0,1186,0,0,0,1186
2013-02-21,SEA,760,35,1,0,796,0,0,0,796
2019-02-06,SEA,1142,16,4,0,1162,0,0,0,1162
2013-02-22,SEA,763,39,7,0,809,0,0,0,809
2019-02-05,SEA,1134,18,3,0,1155,0,0,0,1155
2013-02-23,SEA,661,27,7,0,695,0,0,0,695
2019-02-04,SEA,902,7,5,3,917,0,0,0,917
2013-02-24,SEA,714,24,7,0,745,0,0,0,745
2019-02-03,SEA,933,2,4,1,940,0,0,0,940
2013-02-25,SEA,748,39,2,0,789,0,0,0,789
2019-02-02,SEA,953,9,0,0,962,0,0,0,962
2013-02-26,SEA,720,44,2,0,766,0,0,0,766
2019-02-01,SEA,1168,10,1,0,1179,0,0,0,1179
2013-02-27,SEA,756,38,10,0,804,0,0,0,804
2019-01-31,SEA,1149,14,1,1,1165,0,0,0,1165
2013-02-28,SEA,762,38,4,0,804,0,0,0,804
2013-03-01,SEA,752,45,1,0,798,0,0,0,798
2018-12-29,SEA,1199,4,1,0,1204,0,0,0,1204
2019-01-19,SEA,949,3,3,0,955,0,0,0,955
2019-01-18,SEA,1163,11,5,0,1179,0,0,0,1179
2019-01-07,SEA,1161,17,8,0,1186,0,0,0,1186
2013-03-24,SEA,742,31,21,0,794,0,0,0,794
2019-01-06,SEA,1091,3,4,0,1098,0,0,0,1098
2013-03-25,SEA,785,40,14,0,839,0,0,0,839
2019-01-05,SEA,1088,5,7,0,1100,0,0,0,1100
2013-03-26,SEA,770,40,11,0,821,0,0,0,821
2019-01-04,SEA,1188,10,4,0,1202,0,0,0,1202
2013-03-27,SEA,788,41,18,0,847,0,0,0,847
2019-01-03,SEA,1189,11,0,0,1200,0,0,0,1200
2013-03-28,SEA,804,38,16,0,858,0,0,0,858
2019-01-02,SEA,1213,14,6,0,1233,0,0,0,1233
2013-03-29,SEA,782,43,18,0,843,0,0,0,843
2019-01-01,SEA,1094,3,3,0,1100,0,0,0,1100
2013-03-30,SEA,699,31,27,0,757,0,0,0,757
2018-12-31,SEA,1129,15,3,0,1147,0,0,0,1147
2013-03-31,SEA,755,32,15,0,802,0,0,0,802
2018-12-30,SEA,1197,5,3,0,1205,0,0,0,1205
2013-03-23,SEA,687,36,17,0,740,0,0,0,740
2013-03-12,SEA,774,39,4,0,817,0,0,0,817
2019-01-08,SEA,1110,13,8,0,1131,0,0,0,1131
2019-01-09,SEA,1112,15,9,0,1136,0,0,0,1136
2013-03-13,SEA,778,42,0,0,820,0,0,0,820
2019-01-17,SEA,1155,12,7,0,1174,0,0,0,1174
2013-03-14,SEA,792,40,3,0,835,0,0,0,835
2019-01-16,SEA,1090,18,8,0,1116,0,0,0,1116
2013-03-15,SEA,795,41,16,0,852,0,0,0,852
2019-01-15,SEA,1105,17,26,0,1148,0,0,0,1148
2013-03-16,SEA,696,29,3,0,728,0,0,0,728
2019-01-14,SEA,1139,18,12,0,1169,0,0,0,1169
2013-03-17,SEA,751,29,7,0,787,0,0,0,787
2019-01-13,SEA,1044,5,4,0,1053,0,0,0,1053
2013-03-18,SEA,782,39,6,1,828,0,0,0,828
2019-01-12,SEA,974,6,1,0,981,0,0,0,981
2013-03-19,SEA,773,43,11,0,827,0,0,0,827
2019-01-11,SEA,1174,10,7,0,1191,0,0,0,1191
2013-03-20,SEA,797,45,3,2,847,0,0,0,847
2019-01-10,SEA,1149,16,9,0,1174,0,0,0,1174
2013-03-21,SEA,803,40,7,0,850,0,0,0,850
2013-03-22,SEA,791,44,16,0,851,0,0,0,851
2019-05-03,SEA,1251,9,12,2,1274,0,0,0,1274
2012-11-27,SEA,773,34,8,0,815,0,0,0,815
2019-05-04,SEA,1111,5,19,5,1140,0,0,0,1140
2012-08-05,SEA,896,39,20,2,957,0,0,0,957
2019-08-25,SEA,1365,7,9,0,1381,0,0,0,1381
2012-08-06,SEA,932,45,9,0,986,0,0,0,986
2019-08-24,SEA,1299,12,5,2,1318,0,0,0,1318
2012-08-07,SEA,922,47,4,1,974,0,0,0,974
2019-08-23,SEA,1414,14,8,0,1436,0,0,0,1436
2012-08-08,SEA,931,46,24,0,1001,0,0,0,1001
2019-08-22,SEA,1391,20,3,2,1416,0,0,0,1416
2012-08-09,SEA,925,43,26,0,994,0,0,0,994
2019-08-21,SEA,1397,17,4,1,1419,0,0,0,1419
2012-08-10,SEA,950,62,26,0,1038,0,0,0,1038
2019-08-20,SEA,1363,25,11,0,1399,0,0,0,1399
2012-08-11,SEA,843,48,24,0,915,0,0,0,915
2019-08-19,SEA,1392,22,11,0,1425,0,0,0,1425
2012-08-12,SEA,879,41,17,1,938,0,0,0,938
2019-08-18,SEA,1358,7,8,0,1373,0,0,0,1373
2012-08-13,SEA,917,44,14,0,975,0,0,0,975
2019-08-26,SEA,1384,14,7,0,1405,0,0,0,1405
2019-08-17,SEA,1324,14,7,0,1345,0,0,0,1345
2012-08-04,SEA,843,48,16,0,907,0,0,0,907
2012-08-03,SEA,938,47,24,1,1010,0,0,0,1010
2019-09-05,SEA,1273,14,8,0,1295,0,0,0,1295
2012-07-26,SEA,932,45,13,1,991,0,0,0,991
2019-09-04,SEA,1285,16,6,0,1307,0,0,0,1307
2012-07-27,SEA,947,46,4,0,997,0,0,0,997
2019-09-03,SEA,1284,12,11,0,1307,0,0,0,1307
2012-07-28,SEA,842,41,11,0,894,0,0,0,894
2019-09-02,SEA,1305,2,5,0,1312,0,0,0,1312
2012-07-29,SEA,902,38,15,0,955,0,0,0,955
2019-09-01,SEA,1217,4,3,0,1224,0,0,0,1224
2012-07-30,SEA,930,47,4,0,981,0,0,0,981
2019-08-31,SEA,1202,15,4,0,1221,0,0,0,1221
2012-07-31,SEA,931,44,11,0,986,0,0,0,986
2019-08-30,SEA,1367,12,8,0,1387,0,0,0,1387
2012-08-01,SEA,934,45,12,0,991,0,0,0,991
2019-08-29,SEA,1365,15,4,0,1384,0,0,0,1384
2012-08-02,SEA,943,47,11,0,1001,0,0,0,1001
2019-08-28,SEA,1350,13,9,0,1372,0,0,0,1372
2019-08-27,SEA,1337,15,6,0,1358,0,0,0,1358
2012-07-25,SEA,941,52,14,0,1007,0,0,0,1007
2012-08-14,SEA,889,54,14,0,957,0,0,0,957
2012-08-15,SEA,892,51,16,0,959,0,0,0,959
2012-08-26,SEA,840,44,20,0,904,0,0,0,904
2019-08-04,SEA,1370,10,2,0,1382,0,0,0,1382
2012-08-27,SEA,873,46,26,0,945,0,0,0,945
2019-08-03,SEA,1353,7,7,0,1367,0,0,0,1367
2012-08-28,SEA,863,45,9,0,917,0,0,0,917
2019-08-02,SEA,1389,18,12,0,1419,0,0,0,1419
2012-08-29,SEA,871,48,11,5,935,0,0,0,935
2019-08-01,SEA,1391,29,19,0,1439,0,0,0,1439
2012-08-30,SEA,881,44,12,3,940,0,0,0,940
2019-07-31,SEA,1400,12,13,0,1425,0,0,0,1425
2012-08-31,SEA,886,41,24,1,952,0,0,0,952
2019-07-30,SEA,1359,17,14,0,1390,0,0,0,1390
2012-09-01,SEA,750,30,9,0,789,0,0,0,789
2019-07-29,SEA,1369,14,3,0,1386,0,0,0,1386
2012-09-02,SEA,751,37,21,0,809,0,0,0,809
2019-07-28,SEA,1351,6,8,0,1365,0,0,0,1365
2012-09-03,SEA,851,40,11,0,902,0,0,0,902
2019-08-05,SEA,1395,20,4,1,1420,0,0,0,1420
2019-08-16,SEA,1396,19,10,0,1425,0,0,0,1425
2012-08-25,SEA,796,45,19,0,860,0,0,0,860
2012-08-24,SEA,910,51,19,0,980,0,0,0,980
2019-08-15,SEA,1389,24,7,0,1420,0,0,0,1420
2012-08-16,SEA,910,60,16,0,986,0,0,0,986
2019-08-14,SEA,1395,16,11,0,1422,0,0,0,1422
2012-08-17,SEA,914,45,14,1,974,0,0,0,974
2019-08-13,SEA,1388,21,12,0,1421,0,0,0,1421
2012-08-18,SEA,829,42,6,0,877,0,0,0,877
2019-08-12,SEA,1384,20,7,0,1411,0,0,0,1411
2012-08-19,SEA,860,46,12,0,918,0,0,0,918
2019-08-11,SEA,1368,16,11,0,1395,0,0,0,1395
2012-08-20,SEA,893,52,14,0,959,0,0,0,959
2019-08-10,SEA,1331,13,5,0,1349,0,0,0,1349
2012-08-21,SEA,877,50,7,0,934,0,0,0,934
2019-08-09,SEA,1430,16,7,0,1453,0,0,0,1453
2012-08-22,SEA,898,49,13,0,960,0,0,0,960
2019-08-08,SEA,1386,16,6,0,1408,0,0,0,1408
2012-08-23,SEA,908,50,10,0,968,0,0,0,968
2019-08-07,SEA,1395,20,8,0,1423,0,0,0,1423
2019-08-06,SEA,1418,15,4,0,1437,0,0,0,1437
2019-07-27,SEA,1335,12,7,0,1354,0,0,0,1354
2019-09-06,SEA,1300,17,10,1,1328,0,0,0,1328
2019-09-07,SEA,1100,4,9,0,1113,0,0,0,1113
2012-06-24,SEA,897,39,15,0,951,0,0,0,951
2019-10-06,SEA,1238,3,10,0,1251,0,0,0,1251
2012-06-25,SEA,914,46,9,0,969,0,0,0,969
2019-10-05,SEA,1113,7,2,0,1122,0,0,0,1122
2012-06-26,SEA,924,47,2,0,973,0,0,0,973
2019-10-04,SEA,1286,13,7,0,1306,0,0,0,1306
2012-06-27,SEA,926,49,14,2,991,0,0,0,991
2019-10-03,SEA,1270,14,4,0,1288,0,0,0,1288
2012-06-28,SEA,936,44,12,0,992,0,0,0,992
2019-10-02,SEA,1233,13,5,0,1251,0,0,0,1251
2012-06-29,SEA,935,46,9,0,990,0,0,0,990
2019-10-01,SEA,1238,12,7,0,1257,0,0,0,1257
2012-06-30,SEA,844,42,5,0,891,0,0,0,891
2019-09-30,SEA,1280,11,7,0,1298,0,0,0,1298
2012-07-01,SEA,895,41,11,0,947,0,0,0,947
2019-09-29,SEA,1236,6,2,0,1244,0,0,0,1244
2012-07-02,SEA,905,46,4,0,955,0,0,0,955
2019-10-07,SEA,1277,13,2,0,1292,0,0,0,1292
2019-09-28,SEA,1123,4,2,0,1129,0,0,0,1129
2012-06-23,SEA,851,40,6,0,897,0,0,0,897
2012-06-22,SEA,919,46,3,0,968,0,0,0,968
2019-10-17,SEA,1271,11,3,0,1285,0,0,0,1285
2012-06-14,SEA,923,45,5,3,976,0,0,0,976
2019-10-16,SEA,1245,12,4,0,1261,0,0,0,1261
2012-06-15,SEA,929,43,14,0,986,0,0,0,986
2019-10-15,SEA,1246,13,1,1,1261,0,0,0,1261
2012-06-16,SEA,847,37,5,0,889,0,0,0,889
2019-10-14,SEA,1273,16,4,0,1293,0,0,0,1293
2012-06-17,SEA,898,37,9,0,944,0,0,0,944
2019-10-13,SEA,1220,4,1,0,1225,0,0,0,1225
2012-06-18,SEA,914,48,4,0,966,0,0,0,966
2019-10-12,SEA,1106,5,2,0,1113,0,0,0,1113
2012-06-19,SEA,923,46,8,1,978,0,0,0,978
2019-10-11,SEA,1281,13,1,0,1295,0,0,0,1295
2012-06-20,SEA,921,44,17,0,982,0,0,0,982
2019-10-10,SEA,1292,17,7,0,1316,0,0,0,1316
2012-06-21,SEA,938,45,12,0,995,0,0,0,995
2019-10-09,SEA,1244,13,11,2,1270,0,0,0,1270
2019-10-08,SEA,1240,12,5,1,1258,0,0,0,1258
2012-07-24,SEA,924,47,12,0,983,0,0,0,983
2012-07-03,SEA,895,44,4,0,943,0,0,0,943
2012-07-04,SEA,793,29,15,0,837,0,0,0,837
2012-07-15,SEA,896,44,6,0,946,0,0,0,946
2019-09-15,SEA,1231,3,2,4,1240,0,0,0,1240
2012-07-16,SEA,930,44,14,1,989,0,0,0,989
2019-09-14,SEA,1136,5,2,0,1143,0,0,0,1143
2012-07-17,SEA,928,46,8,2,984,0,0,0,984
2019-09-13,SEA,1321,14,5,1,1341,0,0,0,1341
2012-07-18,SEA,921,50,9,2,982,0,0,0,982
2019-09-12,SEA,1298,22,6,0,1326,0,0,0,1326
2012-07-19,SEA,935,47,17,1,1000,0,0,0,1000
2019-09-11,SEA,1270,21,10,0,1301,0,0,0,1301
2012-07-20,SEA,936,48,4,1,989,0,0,0,989
2019-09-10,SEA,1247,25,9,0,1281,0,0,0,1281
2012-07-21,SEA,859,47,11,0,917,0,0,0,917
2019-09-09,SEA,1295,14,9,0,1318,0,0,0,1318
2012-07-22,SEA,899,44,8,0,951,0,0,0,951
2019-09-08,SEA,1259,6,4,1,1270,0,0,0,1270
2012-07-23,SEA,921,47,5,0,973,0,0,0,973
2019-09-16,SEA,1297,17,16,0,1330,0,0,0,1330
2019-09-27,SEA,1285,15,4,0,1304,0,0,0,1304
2012-07-14,SEA,856,42,11,1,910,0,0,0,910
2012-07-13,SEA,942,38,22,0,1002,0,0,0,1002
2019-09-26,SEA,1285,14,7,1,1307,0,0,0,1307
2012-07-05,SEA,896,46,10,0,952,0,0,0,952
2019-09-25,SEA,1249,14,6,0,1269,0,0,0,1269
2012-07-06,SEA,901,43,14,0,958,0,0,0,958
2019-09-24,SEA,1248,12,4,3,1267,0,0,0,1267
2012-07-07,SEA,838,42,19,0,899,0,0,0,899
2019-09-23,SEA,1269,17,6,0,1292,0,0,0,1292
2012-07-08,SEA,892,40,13,0,945,0,0,0,945
2019-09-22,SEA,1245,4,1,1,1251,0,0,0,1251
2012-07-09,SEA,913,46,14,2,975,0,0,0,975
2019-09-21,SEA,1130,6,7,0,1143,0,0,0,1143
2012-07-10,SEA,923,38,16,1,978,0,0,0,978
2019-09-20,SEA,1285,14,9,1,1309,0,0,0,1309
2012-07-11,SEA,937,46,20,0,1003,0,0,0,1003
2019-09-19,SEA,1284,20,8,1,1313,0,0,0,1313
2012-07-12,SEA,937,49,17,0,1003,0,0,0,1003
2019-09-18,SEA,1260,15,10,0,1285,0,0,0,1285
2019-09-17,SEA,1252,17,6,0,1275,0,0,0,1275
2013-05-13,SEA,845,47,11,0,903,0,0,0,903
2012-09-04,SEA,844,42,8,1,895,0,0,0,895
2012-09-05,SEA,870,52,15,0,937,0,0,0,937
2012-10-28,SEA,757,23,10,1,791,0,0,0,791
2019-06-02,SEA,1193,2,14,0,1209,0,0,0,1209
2012-10-29,SEA,731,35,3,0,769,0,0,0,769
2019-06-01,SEA,1150,10,13,0,1173,0,0,0,1173
2012-10-30,SEA,721,37,1,0,759,0,0,0,759
2019-05-31,SEA,1288,10,7,0,1305,0,0,0,1305
2012-10-31,SEA,748,38,7,0,793,0,0,0,793
2019-05-30,SEA,1293,15,9,0,1317,0,0,0,1317
2012-11-01,SEA,789,32,9,0,830,0,0,0,830
2019-05-29,SEA,1246,12,11,2,1271,0,0,0,1271
2012-11-02,SEA,801,31,9,0,841,0,0,0,841
2019-05-28,SEA,1253,13,8,1,1275,0,0,0,1275
2012-11-03,SEA,676,27,4,0,707,0,0,0,707
2019-05-27,SEA,1210,3,5,0,1218,0,0,0,1218
2012-11-04,SEA,743,28,2,0,773,0,0,0,773
2019-05-26,SEA,1126,1,1,0,1128,0,0,0,1128
2012-11-05,SEA,771,36,13,1,821,0,0,0,821
2019-06-03,SEA,1269,20,11,0,1300,0,0,0,1300
2019-05-25,SEA,1138,6,5,0,1149,0,0,0,1149
2012-10-27,SEA,684,28,2,0,714,0,0,0,714
2012-10-26,SEA,818,41,4,0,863,0,0,0,863
2019-06-13,SEA,1361,17,9,0,1387,0,0,0,1387
2012-10-18,SEA,803,40,11,0,854,0,0,0,854
2019-06-12,SEA,1359,17,6,0,1382,0,0,0,1382
2012-10-19,SEA,816,41,1,0,858,0,0,0,858
2019-06-11,SEA,1357,21,11,0,1389,0,0,0,1389
2012-10-20,SEA,698,26,9,0,733,0,0,0,733
2019-06-10,SEA,1338,19,14,0,1371,0,0,0,1371
2012-10-21,SEA,777,32,9,0,818,0,0,0,818
2019-06-09,SEA,1297,8,12,0,1317,0,0,0,1317
2012-10-22,SEA,795,38,8,0,841,0,0,0,841
2019-06-08,SEA,1239,4,10,0,1253,0,0,0,1253
2012-10-23,SEA,772,41,7,2,822,0,0,0,822
2019-06-07,SEA,1319,13,5,0,1337,0,0,0,1337
2012-10-24,SEA,784,44,12,0,840,0,0,0,840
2019-06-06,SEA,1305,17,4,0,1326,0,0,0,1326
2012-10-25,SEA,805,43,14,1,863,0,0,0,863
2019-06-05,SEA,1246,13,5,0,1264,0,0,0,1264
2019-06-04,SEA,1263,17,3,0,1283,0,0,0,1283
2012-10-17,SEA,786,43,14,0,843,0,0,0,843
2012-11-06,SEA,743,36,1,0,780,0,0,0,780
2012-11-07,SEA,765,30,19,0,814,0,0,0,814
2012-11-18,SEA,745,27,7,0,779,0,0,0,779
2019-05-12,SEA,1185,3,5,0,1193,0,0,0,1193
2012-11-19,SEA,759,36,1,1,797,0,0,0,797
2019-05-11,SEA,1119,6,7,0,1132,0,0,0,1132
2012-11-20,SEA,779,32,8,0,819,0,0,0,819
2019-05-10,SEA,1247,11,7,0,1265,0,0,0,1265
2012-11-21,SEA,808,34,4,0,846,0,0,0,846
2019-05-09,SEA,1247,18,12,0,1277,0,0,0,1277
2012-11-22,SEA,626,12,9,0,647,0,0,0,647
2019-05-08,SEA,1227,12,11,0,1250,0,0,0,1250
2012-11-23,SEA,680,31,2,0,713,0,0,0,713
2019-05-07,SEA,1211,16,10,0,1237,0,0,0,1237
2012-11-24,SEA,706,27,8,0,741,0,0,0,741
2019-05-06,SEA,1235,12,4,0,1251,0,0,0,1251
2012-11-25,SEA,781,33,15,2,831,0,0,0,831
2019-05-05,SEA,1165,3,8,2,1178,0,0,0,1178
2012-11-26,SEA,797,31,17,0,845,0,0,0,845
2019-05-13,SEA,1251,14,5,0,1270,0,0,0,1270
2019-05-24,SEA,1273,11,2,0,1286,0,0,0,1286
2012-11-17,SEA,693,24,7,0,724,0,0,0,724
2012-11-16,SEA,787,29,8,0,824,0,0,0,824
2019-05-23,SEA,1266,14,8,0,1288,0,0,0,1288
2012-11-08,SEA,788,33,13,0,834,0,0,0,834
2019-05-22,SEA,1250,16,9,0,1275,0,0,0,1275
2012-11-09,SEA,798,29,17,0,844,0,0,0,844
2019-05-21,SEA,1254,14,8,0,1276,0,0,0,1276
2012-11-10,SEA,678,25,25,0,728,0,0,0,728
2019-05-20,SEA,1238,14,7,0,1259,0,0,0,1259
2012-11-11,SEA,749,27,6,0,782,0,0,0,782
2019-05-19,SEA,1190,10,9,0,1209,0,0,0,1209
2012-11-12,SEA,777,36,9,0,822,0,0,0,822
2019-05-18,SEA,1110,4,5,2,1121,0,0,0,1121
2012-11-13,SEA,756,39,6,0,801,0,0,0,801
2019-05-17,SEA,1259,8,8,0,1275,0,0,0,1275
2012-11-14,SEA,784,35,11,1,831,0,0,0,831
2019-05-16,SEA,1261,15,5,0,1281,0,0,0,1281
2012-11-15,SEA,802,32,10,0,844,0,0,0,844
2019-05-15,SEA,1230,14,10,2,1256,0,0,0,1256
2019-05-14,SEA,1240,21,8,0,1269,0,0,0,1269
2019-07-26,SEA,1392,14,7,0,1413,0,0,0,1413
2019-06-14,SEA,1380,13,6,1,1400,0,0,0,1400
2019-06-15,SEA,1278,12,4,1,1295,0,0,0,1295
2012-09-16,SEA,818,36,20,0,874,0,0,0,874
2019-07-14,SEA,1342,16,12,0,1370,0,0,0,1370
2012-09-17,SEA,843,43,4,0,890,0,0,0,890
2019-07-13,SEA,1309,10,9,0,1328,0,0,0,1328
2012-09-18,SEA,818,43,8,0,869,0,0,0,869
2019-07-12,SEA,1392,16,11,2,1421,0,0,0,1421
2012-09-19,SEA,857,43,12,0,912,0,0,0,912
2019-07-11,SEA,1367,18,11,0,1396,0,0,0,1396
2012-09-20,SEA,865,46,9,0,920,0,0,0,920
2019-07-10,SEA,1371,20,3,0,1394,0,0,0,1394
2012-09-21,SEA,852,44,10,0,906,0,0,0,906
2019-07-09,SEA,1377,17,12,2,1408,0,0,0,1408
2012-09-22,SEA,748,34,3,0,785,0,0,0,785
2019-07-08,SEA,1373,17,4,1,1395,0,0,0,1395
2012-09-23,SEA,811,39,20,0,870,0,0,0,870
2019-07-07,SEA,1347,6,16,0,1369,0,0,0,1369
2012-09-24,SEA,845,47,11,0,903,0,0,0,903
2019-07-15,SEA,1381,18,13,0,1412,0,0,0,1412
2019-07-06,SEA,1266,11,11,0,1288,0,0,0,1288
2012-09-15,SEA,759,32,16,0,807,0,0,0,807
2012-09-14,SEA,866,45,25,0,936,0,0,0,936
2019-07-25,SEA,1388,21,17,2,1428,0,0,0,1428
2012-09-06,SEA,859,42,29,0,930,0,0,0,930
2019-07-24,SEA,1397,19,7,2,1425,0,0,0,1425
2012-09-07,SEA,852,42,12,0,906,0,0,0,906
2019-07-23,SEA,1376,19,4,0,1399,0,0,0,1399
2012-09-08,SEA,767,34,19,0,820,0,0,0,820
2019-07-22,SEA,1385,25,9,0,1419,0,0,0,1419
2012-09-09,SEA,821,35,8,1,865,0,0,0,865
2019-07-21,SEA,1353,8,4,0,1365,0,0,0,1365
2012-09-10,SEA,860,43,17,0,920,0,0,0,920
2019-07-20,SEA,1308,10,5,0,1323,0,0,0,1323
2012-09-11,SEA,831,49,17,0,897,0,0,0,897
2019-07-19,SEA,1395,17,12,0,1424,0,0,0,1424
2012-09-12,SEA,845,58,26,0,929,0,0,0,929
2019-07-18,SEA,1378,19,10,0,1407,0,0,0,1407
2012-09-13,SEA,857,47,15,1,920,0,0,0,920
2019-07-17,SEA,1384,19,4,0,1407,0,0,0,1407
2019-07-16,SEA,1371,15,15,1,1402,0,0,0,1402
2012-10-16,SEA,785,44,9,1,839,0,0,0,839
2012-09-25,SEA,823,44,11,1,879,0,0,0,879
2012-09-26,SEA,838,44,11,0,893,0,0,0,893
2012-10-07,SEA,771,33,12,0,816,0,0,0,816
2019-06-23,SEA,1320,4,11,1,1336,0,0,0,1336
2012-10-08,SEA,736,44,17,0,797,0,0,0,797
2019-06-22,SEA,1283,9,7,0,1299,0,0,0,1299
2012-10-09,SEA,801,45,8,0,854,0,0,0,854
2019-06-21,SEA,1361,14,12,0,1387,0,0,0,1387
2012-10-10,SEA,793,38,0,0,831,0,0,0,831
2019-06-20,SEA,1355,15,7,0,1377,0,0,0,1377
2012-10-11,SEA,805,41,11,0,857,0,0,0,857
2019-06-19,SEA,1367,17,10,0,1394,0,0,0,1394
2012-10-12,SEA,820,42,1,0,863,0,0,0,863
2019-06-18,SEA,1359,15,6,0,1380,0,0,0,1380
2012-10-13,SEA,687,30,4,0,721,0,0,0,721
2019-06-17,SEA,1360,15,17,0,1392,0,0,0,1392
2012-10-14,SEA,776,35,1,0,812,0,0,0,812
2019-06-16,SEA,1316,5,8,0,1329,0,0,0,1329
2012-10-15,SEA,789,42,3,1,835,0,0,0,835
2019-06-24,SEA,1359,19,5,0,1383,0,0,0,1383
2019-07-05,SEA,1252,19,9,0,1280,0,0,0,1280
2012-10-06,SEA,693,28,24,0,745,0,0,0,745
2012-10-05,SEA,823,41,18,0,882,0,0,0,882
2019-07-04,SEA,1183,4,5,0,1192,0,0,0,1192
2012-09-27,SEA,855,47,19,0,921,0,0,0,921
2019-07-03,SEA,1373,13,9,0,1395,0,0,0,1395
2012-09-28,SEA,859,43,16,1,919,0,0,0,919
2019-07-02,SEA,1365,12,7,0,1384,0,0,0,1384
2012-09-29,SEA,743,30,8,0,781,0,0,0,781
2019-07-01,SEA,1372,13,14,0,1399,0,0,0,1399
2012-09-30,SEA,796,36,9,0,841,0,0,0,841
2019-06-30,SEA,1323,10,16,0,1349,0,0,0,1349
2012-10-01,SEA,818,42,5,0,865,0,0,0,865
2019-06-29,SEA,1280,6,12,0,1298,0,0,0,1298
2012-10-02,SEA,795,45,11,0,851,0,0,0,851
2019-06-28,SEA,1380,13,11,0,1404,0,0,0,1404
2012-10-03,SEA,804,52,14,1,871,0,0,0,871
2019-06-27,SEA,1377,17,5,0,1399,0,0,0,1399
2012-10-04,SEA,809,47,26,0,882,0,0,0,882
2019-06-26,SEA,1375,13,9,0,1397,0,0,0,1397
2019-06-25,SEA,1369,18,11,0,1398,0,0,0,1398
2014-04-14,SEA,851,31,16,0,898,0,0,0,898
2018-11-17,SEA,1093,11,9,0,1113,0,0,0,1113
2018-11-16,SEA,1192,13,3,0,1208,0,0,0,1208
2018-04-09,SEA,1173,39,9,1,1222,0,0,0,1222
2013-12-22,SEA,860,35,2,1,898,0,0,0,898
2018-04-08,SEA,1114,29,2,0,1145,0,0,0,1145
2013-12-23,SEA,848,43,1,0,892,0,0,0,892
2018-04-07,SEA,1004,29,0,0,1033,0,0,0,1033
2013-12-24,SEA,740,40,5,0,785,0,0,0,785
2018-04-06,SEA,1159,31,3,0,1193,0,0,0,1193
2013-12-21,SEA,849,34,2,1,886,0,0,0,886
2013-12-25,SEA,697,27,1,0,725,0,0,0,725
2013-12-26,SEA,844,41,5,0,890,0,0,0,890
2018-04-04,SEA,1141,29,0,0,1170,0,0,0,1170
2013-12-27,SEA,878,43,2,0,923,0,0,0,923
2018-04-03,SEA,1118,39,5,0,1162,0,0,0,1162
2013-12-28,SEA,802,32,4,0,838,0,0,0,838
2018-04-02,SEA,1162,31,6,0,1199,0,0,0,1199
2013-12-29,SEA,808,33,6,0,847,0,0,0,847
2018-04-05,SEA,1170,38,5,0,1213,0,0,0,1213
2018-04-10,SEA,1134,30,1,0,1165,0,0,0,1165
2013-12-20,SEA,876,45,2,0,923,0,0,0,923
2018-04-11,SEA,1145,31,3,0,1179,0,0,0,1179
2013-12-11,SEA,803,43,5,0,851,0,0,0,851
2018-04-19,SEA,1196,39,14,0,1249,0,0,0,1249
2013-12-12,SEA,823,39,11,0,873,0,0,0,873
2018-04-18,SEA,1148,37,7,0,1192,0,0,0,1192
2013-12-13,SEA,822,41,3,0,866,0,0,0,866
2018-04-17,SEA,1173,36,1,0,1210,0,0,0,1210
2013-12-14,SEA,680,35,11,0,726,0,0,0,726
2018-04-16,SEA,1190,37,7,0,1234,0,0,0,1234
2013-12-15,SEA,751,29,1,0,781,0,0,0,781
2018-04-15,SEA,1115,24,6,0,1145,0,0,0,1145
2013-12-16,SEA,798,39,6,3,846,0,0,0,846
2018-04-14,SEA,996,26,2,1,1025,0,0,0,1025
2013-12-17,SEA,787,38,7,0,832,0,0,0,832
2018-04-13,SEA,1202,30,3,1,1236,0,0,0,1236
2013-12-18,SEA,802,40,4,0,846,0,0,0,846
2018-04-12,SEA,1195,34,3,0,1232,0,0,0,1232
2013-12-19,SEA,849,42,13,0,904,0,0,0,904
2018-04-01,SEA,1092,22,4,0,1118,0,0,0,1118
2013-12-30,SEA,838,39,0,1,878,0,0,0,878
2018-03-31,SEA,997,23,14,0,1034,0,0,0,1034
2013-12-31,SEA,750,44,3,0,797,0,0,0,797
2014-01-11,SEA,656,25,0,0,681,0,0,0,681
2018-03-19,SEA,1151,33,2,0,1186,0,0,0,1186
2014-01-12,SEA,740,30,0,0,770,0,0,0,770
2018-03-18,SEA,1082,21,7,1,1111,0,0,0,1111
2014-01-13,SEA,774,40,0,0,814,0,0,0,814
2018-03-17,SEA,996,29,4,2,1031,0,0,0,1031
2014-01-14,SEA,758,40,6,0,804,0,0,0,804
2018-03-16,SEA,1150,29,9,2,1190,0,0,0,1190
2014-01-15,SEA,757,37,7,0,801,0,0,0,801
2018-03-15,SEA,1145,34,3,0,1182,0,0,0,1182
2014-01-16,SEA,774,33,2,0,809,0,0,0,809
2018-03-14,SEA,1110,30,9,0,1149,0,0,0,1149
2014-01-17,SEA,775,29,6,0,810,0,0,0,810
2018-03-13,SEA,1104,33,7,0,1144,0,0,0,1144
2014-01-18,SEA,634,25,3,0,662,0,0,0,662
2018-03-12,SEA,1138,32,7,0,1177,0,0,0,1177
2014-01-19,SEA,684,27,2,0,713,0,0,0,713
2018-03-20,SEA,1101,34,3,0,1138,0,0,0,1138
2018-04-20,SEA,1194,33,9,1,1237,0,0,0,1237
2014-01-10,SEA,791,38,1,0,830,0,0,0,830
2014-01-09,SEA,784,42,3,0,829,0,0,0,829
2018-03-30,SEA,1176,34,6,0,1216,0,0,0,1216
2014-01-01,SEA,748,25,2,0,775,0,0,0,775
2018-03-29,SEA,1160,30,6,0,1196,0,0,0,1196
2014-01-02,SEA,815,42,5,0,862,0,0,0,862
2018-03-28,SEA,1125,36,6,0,1167,0,0,0,1167
2014-01-03,SEA,823,46,11,1,881,0,0,0,881
2018-03-27,SEA,1123,38,1,1,1163,0,0,0,1163
2014-01-04,SEA,757,33,25,0,815,0,0,0,815
2018-03-26,SEA,1170,33,6,1,1210,0,0,0,1210
2014-01-05,SEA,794,38,14,0,846,0,0,0,846
2018-03-25,SEA,1089,24,7,0,1120,0,0,0,1120
2014-01-06,SEA,813,40,6,0,859,0,0,0,859
2018-03-24,SEA,995,27,4,0,1026,0,0,0,1026
2014-01-07,SEA,760,42,2,0,804,0,0,0,804
2018-03-23,SEA,1153,30,3,1,1187,0,0,0,1187
2014-01-08,SEA,752,38,2,0,792,0,0,0,792
2018-03-22,SEA,1145,33,3,1,1182,0,0,0,1182
2018-03-21,SEA,1099,33,6,1,1139,0,0,0,1139
2013-12-10,SEA,777,45,7,0,829,0,0,0,829
2018-04-21,SEA,1008,29,8,0,1045,0,0,0,1045
2013-12-09,SEA,789,35,4,0,828,0,0,0,828
2018-05-21,SEA,1223,41,14,2,1280,0,0,0,1280
2013-11-10,SEA,782,34,7,0,823,0,0,0,823
2018-05-20,SEA,1150,27,5,2,1184,0,0,0,1184
2013-11-11,SEA,822,42,15,0,879,0,0,0,879
2018-05-19,SEA,1012,27,7,0,1046,0,0,0,1046
2013-11-12,SEA,810,47,8,0,865,0,0,0,865
2018-05-18,SEA,1224,32,4,0,1260,0,0,0,1260
2013-11-13,SEA,836,38,8,0,882,0,0,0,882
2018-05-17,SEA,1217,31,7,0,1255,0,0,0,1255
2013-11-14,SEA,825,38,9,0,872,0,0,0,872
2018-05-16,SEA,1192,32,5,0,1229,0,0,0,1229
2013-11-15,SEA,829,44,5,0,878,0,0,0,878
2018-05-15,SEA,1181,32,10,0,1223,0,0,0,1223
2013-11-16,SEA,703,28,14,0,745,0,0,0,745
2018-05-14,SEA,1197,33,7,0,1237,0,0,0,1237
2013-11-17,SEA,769,36,3,0,808,0,0,0,808
2018-05-13,SEA,1114,21,3,0,1138,0,0,0,1138
2013-11-09,SEA,714,28,2,0,744,0,0,0,744
2013-11-18,SEA,820,39,9,0,868,0,0,0,868
2018-05-22,SEA,1182,35,15,0,1232,0,0,0,1232
2018-05-23,SEA,1212,33,4,0,1249,0,0,0,1249
2013-10-30,SEA,816,49,14,1,880,0,0,0,880
2018-05-31,SEA,1243,39,21,0,1303,0,0,0,1303
2013-10-31,SEA,804,38,3,1,846,0,0,0,846
2018-05-30,SEA,1205,37,7,0,1249,0,0,0,1249
2013-11-01,SEA,820,43,7,0,870,0,0,0,870
2018-05-29,SEA,1201,39,13,0,1253,0,0,0,1253
2013-11-02,SEA,735,27,1,0,763,0,0,0,763
2018-05-28,SEA,1185,25,9,0,1219,0,0,0,1219
2013-11-03,SEA,785,36,14,0,835,0,0,0,835
2018-05-27,SEA,1105,22,8,0,1135,0,0,0,1135
2013-11-04,SEA,816,38,9,0,863,0,0,0,863
2018-05-26,SEA,1059,27,7,0,1093,0,0,0,1093
2013-11-05,SEA,800,47,7,0,854,0,0,0,854
2018-05-25,SEA,1249,34,11,0,1294,0,0,0,1294
2013-11-06,SEA,828,40,6,0,874,0,0,0,874
2018-05-24,SEA,1232,36,5,0,1273,0,0,0,1273
2013-11-07,SEA,840,38,6,0,884,0,0,0,884
2013-11-08,SEA,844,38,6,1,889,0,0,0,889
2018-03-11,SEA,1069,22,3,0,1094,0,0,0,1094
2018-05-12,SEA,1002,23,12,0,1037,0,0,0,1037
2018-05-11,SEA,1235,31,6,0,1272,0,0,0,1272
2018-04-30,SEA,1188,31,4,2,1225,0,0,0,1225
2013-12-01,SEA,828,36,3,1,868,0,0,0,868
2018-04-29,SEA,1117,21,5,0,1143,0,0,0,1143
2013-12-02,SEA,830,42,1,1,874,0,0,0,874
2018-04-28,SEA,1019,28,2,2,1051,0,0,0,1051
2013-12-03,SEA,808,50,21,1,880,0,0,0,880
2018-04-27,SEA,1207,33,12,0,1252,0,0,0,1252
2013-12-04,SEA,782,42,12,1,837,0,0,0,837
2018-04-26,SEA,1184,38,11,0,1233,0,0,0,1233
2013-12-05,SEA,787,40,6,1,834,0,0,0,834
2018-04-25,SEA,1139,35,8,1,1183,0,0,0,1183
2013-12-06,SEA,783,39,17,0,839,0,0,0,839
2018-04-24,SEA,1152,32,10,0,1194,0,0,0,1194
2013-12-07,SEA,661,32,9,0,702,0,0,0,702
2018-04-23,SEA,1186,32,4,1,1223,0,0,0,1223
2013-12-08,SEA,712,33,14,0,759,0,0,0,759
2018-04-22,SEA,1125,25,13,2,1165,0,0,0,1165
2013-11-30,SEA,752,37,3,0,792,0,0,0,792
2013-11-19,SEA,799,50,10,0,859,0,0,0,859
2018-05-01,SEA,1151,32,5,0,1188,0,0,0,1188
2018-05-02,SEA,1163,31,13,0,1207,0,0,0,1207
2013-11-20,SEA,810,41,9,0,860,0,0,0,860
2018-05-10,SEA,1223,32,6,0,1261,0,0,0,1261
2013-11-21,SEA,815,45,23,0,883,0,0,0,883
2018-05-09,SEA,1182,34,3,4,1223,0,0,0,1223
2013-11-22,SEA,833,41,23,0,897,0,0,0,897
2018-05-08,SEA,1166,34,13,1,1214,0,0,0,1214
2013-11-23,SEA,738,27,22,0,787,0,0,0,787
2018-05-07,SEA,1210,34,11,0,1255,0,0,0,1255
2013-11-24,SEA,768,33,11,0,812,0,0,0,812
2018-05-06,SEA,1144,20,11,1,1176,0,0,0,1176
2013-11-25,SEA,805,32,7,0,844,0,0,0,844
2018-05-05,SEA,1013,25,25,2,1065,0,0,0,1065
2013-11-26,SEA,822,45,7,0,874,0,0,0,874
2018-05-04,SEA,1214,27,9,2,1252,0,0,0,1252
2013-11-27,SEA,841,38,8,2,889,0,0,0,889
2018-05-03,SEA,1194,37,12,0,1243,0,0,0,1243
2013-11-28,SEA,634,9,7,1,651,0,0,0,651
2013-11-29,SEA,695,35,1,0,731,0,0,0,731
2014-01-20,SEA,765,38,5,0,808,0,0,0,808
2018-03-10,SEA,953,21,6,0,980,0,0,0,980
2014-01-21,SEA,737,32,4,0,773,0,0,0,773
2014-03-15,SEA,703,24,12,0,739,0,0,0,739
2018-01-15,SEA,1051,46,9,0,1106,0,0,0,1106
2014-03-16,SEA,781,32,0,0,813,0,0,0,813
2018-01-14,SEA,954,35,6,0,995,0,0,0,995
2014-03-17,SEA,815,42,7,0,864,0,0,0,864
2018-01-13,SEA,895,31,5,1,932,0,0,0,932
2014-03-18,SEA,806,39,4,0,849,0,0,0,849
2018-01-12,SEA,1108,40,0,1,1149,0,0,0,1149
2014-03-19,SEA,828,41,5,1,875,0,0,0,875
2018-01-11,SEA,1084,42,0,0,1126,0,0,0,1126
2014-03-20,SEA,819,36,9,0,864,0,0,0,864
2018-01-10,SEA,1043,36,1,0,1080,0,0,0,1080
2014-03-21,SEA,821,39,13,0,873,0,0,0,873
2018-01-09,SEA,1052,45,21,0,1118,0,0,0,1118
2014-03-22,SEA,709,24,21,0,754,0,0,0,754
2018-01-08,SEA,1084,48,4,0,1136,0,0,0,1136
2014-03-23,SEA,777,29,5,0,811,0,0,0,811
2018-01-16,SEA,1017,51,2,0,1070,0,0,0,1070
2018-01-07,SEA,1056,35,2,0,1093,0,0,0,1093
2014-03-14,SEA,800,40,3,0,843,0,0,0,843
2014-03-13,SEA,811,44,11,0,866,0,0,0,866
2018-01-26,SEA,1066,46,1,0,1113,0,0,0,1113
2014-03-05,SEA,796,40,10,0,846,0,0,0,846
2018-01-25,SEA,1069,47,2,0,1118,0,0,0,1118
2014-03-06,SEA,801,39,4,0,844,0,0,0,844
2018-01-24,SEA,1035,44,7,0,1086,0,0,0,1086
2014-03-07,SEA,802,41,13,1,857,0,0,0,857
2018-01-23,SEA,1022,41,0,0,1063,0,0,0,1063
2014-03-08,SEA,682,28,1,0,711,0,0,0,711
2018-01-22,SEA,1058,36,1,0,1095,0,0,0,1095
2014-03-09,SEA,774,36,7,0,817,0,0,0,817
2018-01-21,SEA,1004,32,2,0,1038,0,0,0,1038
2014-03-10,SEA,808,40,0,0,848,0,0,0,848
2018-01-20,SEA,878,34,3,0,915,0,0,0,915
2014-03-11,SEA,793,43,8,0,844,0,0,0,844
2018-01-19,SEA,1081,45,2,0,1128,0,0,0,1128
2014-03-12,SEA,813,40,19,0,872,0,0,0,872
2018-01-18,SEA,1065,43,4,0,1112,0,0,0,1112
2018-01-17,SEA,1030,46,5,0,1081,0,0,0,1081
2014-03-04,SEA,801,39,0,1,841,0,0,0,841
2014-03-24,SEA,819,41,19,0,879,0,0,0,879
2014-03-25,SEA,810,43,3,1,857,0,0,0,857
2014-04-05,SEA,748,21,3,0,772,0,0,0,772
2017-12-25,SEA,950,29,1,0,980,0,0,0,980
2014-04-06,SEA,804,23,17,0,844,0,0,0,844
2017-12-24,SEA,952,30,1,0,983,0,0,0,983
2014-04-07,SEA,851,31,20,0,902,0,0,0,902
2017-12-23,SEA,1085,44,5,0,1134,0,0,0,1134
2014-04-08,SEA,855,32,5,0,892,0,0,0,892
2017-12-22,SEA,1192,43,4,0,1239,0,0,0,1239
2014-04-09,SEA,851,30,12,0,893,0,0,0,893
2017-12-21,SEA,1177,46,0,0,1223,0,0,0,1223
2014-04-10,SEA,855,34,9,0,898,0,0,0,898
2017-12-20,SEA,1142,45,7,0,1194,0,0,0,1194
2014-04-11,SEA,859,33,18,0,910,0,0,0,910
2017-12-19,SEA,1126,45,5,0,1176,0,0,0,1176
2014-04-12,SEA,739,25,18,1,783,0,0,0,783
2017-12-18,SEA,1137,50,2,0,1189,0,0,0,1189
2014-04-13,SEA,810,31,21,0,862,0,0,0,862
2017-12-26,SEA,1150,47,6,0,1203,0,0,0,1203
2018-01-06,SEA,950,32,1,0,983,0,0,0,983
2014-04-04,SEA,870,32,15,0,917,0,0,0,917
2014-04-03,SEA,866,35,8,0,909,0,0,0,909
2018-01-05,SEA,1107,40,4,0,1151,0,0,0,1151
2014-03-26,SEA,815,37,23,1,876,0,0,0,876
2018-01-04,SEA,1101,42,1,0,1144,0,0,0,1144
2014-03-27,SEA,831,43,8,0,882,0,0,0,882
2018-01-03,SEA,1114,39,3,0,1156,0,0,0,1156
2014-03-28,SEA,849,38,8,0,895,0,0,0,895
2018-01-02,SEA,1138,34,0,0,1172,0,0,0,1172
2014-03-29,SEA,728,29,4,0,761,0,0,0,761
2018-01-01,SEA,1017,22,7,0,1046,0,0,0,1046
2014-03-30,SEA,811,30,8,0,849,0,0,0,849
2017-12-31,SEA,1012,28,5,0,1045,0,0,0,1045
2014-03-31,SEA,818,42,27,0,887,0,0,0,887
2017-12-30,SEA,1066,32,2,0,1100,0,0,0,1100
2014-04-01,SEA,832,38,12,0,882,0,0,0,882
2017-12-29,SEA,1137,41,0,0,1178,0,0,0,1178
2014-04-02,SEA,850,32,14,0,896,0,0,0,896
2017-12-28,SEA,1155,40,0,0,1195,0,0,0,1195
2017-12-27,SEA,1158,44,4,0,1206,0,0,0,1206
2018-06-01,SEA,1252,37,8,1,1298,0,0,0,1298
2018-01-27,SEA,894,37,0,0,931,0,0,0,931
2018-01-28,SEA,1007,36,2,0,1045,0,0,0,1045
2014-02-01,SEA,643,24,5,0,672,0,0,0,672
2018-02-26,SEA,1067,45,2,0,1114,0,0,0,1114
2014-02-02,SEA,701,24,5,0,730,0,0,0,730
2018-02-25,SEA,1004,34,6,0,1044,0,0,0,1044
2014-02-03,SEA,778,36,9,1,824,0,0,0,824
2018-02-24,SEA,917,30,6,0,953,0,0,0,953
2014-02-04,SEA,754,43,11,1,809,0,0,0,809
2018-02-23,SEA,1060,38,1,0,1099,0,0,0,1099
2014-02-05,SEA,740,40,7,0,787,0,0,0,787
2018-02-22,SEA,1091,37,4,0,1132,0,0,0,1132
2014-02-06,SEA,752,36,3,0,791,0,0,0,791
2018-02-21,SEA,1036,36,5,0,1077,0,0,0,1077
2014-02-07,SEA,774,36,10,0,820,0,0,0,820
2018-02-20,SEA,1052,30,4,0,1086,0,0,0,1086
2014-02-08,SEA,612,23,15,1,651,0,0,0,651
2018-02-19,SEA,1057,36,9,1,1103,0,0,0,1103
2014-02-09,SEA,705,24,4,0,733,0,0,0,733
2018-02-27,SEA,1049,41,4,0,1094,0,0,0,1094
2018-02-18,SEA,976,33,1,0,1010,0,0,0,1010
2014-01-31,SEA,781,39,4,0,824,0,0,0,824
2014-01-30,SEA,781,35,3,0,819,0,0,0,819
2018-03-09,SEA,1117,34,9,0,1160,0,0,0,1160
2014-01-22,SEA,757,39,4,0,800,0,0,0,800
2018-03-08,SEA,1113,32,0,0,1145,0,0,0,1145
2014-01-23,SEA,778,43,27,1,849,0,0,0,849
2018-03-07,SEA,1077,31,6,0,1114,0,0,0,1114
2014-01-24,SEA,778,33,10,0,821,0,0,0,821
2018-03-06,SEA,1074,30,8,0,1112,0,0,0,1112
2014-01-25,SEA,656,24,21,0,701,0,0,0,701
2018-03-05,SEA,1087,32,2,0,1121,0,0,0,1121
2014-01-26,SEA,712,27,5,0,744,0,0,0,744
2018-03-04,SEA,1000,26,7,0,1033,0,0,0,1033
2014-01-27,SEA,780,28,0,0,808,0,0,0,808
2018-03-03,SEA,911,23,8,2,944,0,0,0,944
2014-01-28,SEA,731,37,2,0,770,0,0,0,770
2018-03-02,SEA,1082,37,2,2,1123,0,0,0,1123
2014-01-29,SEA,747,36,0,0,783,0,0,0,783
2018-03-01,SEA,1065,35,4,2,1106,0,0,0,1106
2018-02-28,SEA,1057,39,7,0,1103,0,0,0,1103
2014-03-03,SEA,795,36,4,0,835,0,0,0,835
2014-02-10,SEA,791,40,4,0,835,0,0,0,835
2014-02-11,SEA,766,41,6,0,813,0,0,0,813
2014-02-22,SEA,683,30,0,0,713,0,0,0,713
2018-02-05,SEA,1049,48,2,0,1099,0,0,0,1099
2014-02-23,SEA,750,31,4,0,785,0,0,0,785
2018-02-04,SEA,938,34,1,0,973,0,0,0,973
2014-02-24,SEA,787,33,5,0,825,0,0,0,825
2018-02-03,SEA,883,38,7,0,928,0,0,0,928
2014-02-25,SEA,779,37,25,3,844,0,0,0,844
2018-02-02,SEA,1078,45,2,0,1125,0,0,0,1125
2014-02-26,SEA,789,43,17,2,851,0,0,0,851
2018-02-01,SEA,1045,46,2,0,1093,0,0,0,1093
2014-02-27,SEA,799,39,19,1,858,0,0,0,858
2018-01-31,SEA,1040,40,8,0,1088,0,0,0,1088
2014-02-28,SEA,799,47,25,0,871,0,0,0,871
2018-01-30,SEA,1020,43,6,0,1069,0,0,0,1069
2014-03-01,SEA,681,23,4,0,708,0,0,0,708
2018-01-29,SEA,1064,40,4,0,1108,0,0,0,1108
2014-03-02,SEA,749,28,3,0,780,0,0,0,780
2018-02-06,SEA,1032,38,2,0,1072,0,0,0,1072
2018-02-17,SEA,934,31,1,0,966,0,0,0,966
2014-02-21,SEA,797,32,5,6,840,0,0,0,840
2014-02-20,SEA,796,37,7,0,840,0,0,0,840
2018-02-16,SEA,1068,43,1,0,1112,0,0,0,1112
2014-02-12,SEA,764,38,7,0,809,0,0,0,809
2018-02-15,SEA,1054,40,8,0,1102,0,0,0,1102
2014-02-13,SEA,770,35,7,0,812,0,0,0,812
2018-02-14,SEA,1015,33,5,0,1053,0,0,0,1053
2014-02-14,SEA,805,31,5,0,841,0,0,0,841
2018-02-13,SEA,1026,42,10,0,1078,0,0,0,1078
2014-02-15,SEA,692,31,5,0,728,0,0,0,728
2018-02-12,SEA,1056,50,5,0,1111,0,0,0,1111
2014-02-16,SEA,737,30,1,0,768,0,0,0,768
2018-02-11,SEA,988,31,8,0,1027,0,0,0,1027
2014-02-17,SEA,785,31,3,0,819,0,0,0,819
2018-02-10,SEA,892,33,8,0,933,0,0,0,933
2014-02-18,SEA,782,39,2,1,824,0,0,0,824
2018-02-09,SEA,1066,40,1,0,1107,0,0,0,1107
2014-02-19,SEA,798,36,8,0,842,0,0,0,842
2018-02-08,SEA,1048,48,5,0,1101,0,0,0,1101
2018-02-07,SEA,1031,38,11,0,1080,0,0,0,1080
2013-10-29,SEA,807,40,34,0,881,0,0,0,881
2018-06-02,SEA,1069,29,10,0,1108,0,0,0,1108
2013-10-28,SEA,809,39,14,0,862,0,0,0,862
2018-09-24,SEA,1235,12,13,0,1260,0,0,0,1260
2013-07-07,SEA,946,39,14,2,1001,0,0,0,1001
2018-09-23,SEA,1197,14,5,0,1216,0,0,0,1216
2013-07-08,SEA,959,50,13,0,1022,0,0,0,1022
2018-09-22,SEA,1078,18,2,0,1098,0,0,0,1098
2013-07-09,SEA,968,53,15,1,1037,0,0,0,1037
2018-09-21,SEA,1248,22,9,0,1279,0,0,0,1279
2013-07-10,SEA,950,49,8,1,1008,0,0,0,1008
2018-09-20,SEA,1225,20,0,0,1245,0,0,0,1245
2013-07-11,SEA,971,47,6,0,1024,0,0,0,1024
2018-09-19,SEA,1208,27,15,1,1251,0,0,0,1251
2013-07-12,SEA,972,48,16,0,1036,0,0,0,1036
2018-09-18,SEA,1211,17,10,1,1239,0,0,0,1239
2013-07-13,SEA,887,39,19,0,945,0,0,0,945
2018-09-17,SEA,1245,22,16,0,1283,0,0,0,1283
2013-07-14,SEA,948,39,19,0,1006,0,0,0,1006
2018-09-16,SEA,1184,17,4,0,1205,0,0,0,1205
2013-07-06,SEA,888,38,10,1,937,0,0,0,937
2013-07-15,SEA,970,48,9,0,1027,0,0,0,1027
2018-09-25,SEA,1208,17,4,0,1229,0,0,0,1229
2018-09-26,SEA,1219,19,3,1,1242,0,0,0,1242
2013-06-26,SEA,951,44,2,1,998,0,0,0,998
2018-10-04,SEA,1218,19,13,0,1250,0,0,0,1250
2013-06-27,SEA,944,50,12,0,1006,0,0,0,1006
2018-10-03,SEA,1208,15,4,0,1227,0,0,0,1227
2013-06-28,SEA,963,52,23,0,1038,0,0,0,1038
2018-10-02,SEA,1187,17,5,0,1209,0,0,0,1209
2013-06-29,SEA,889,39,28,0,956,0,0,0,956
2018-10-01,SEA,1230,17,1,0,1248,0,0,0,1248
2013-06-30,SEA,931,34,24,0,989,0,0,0,989
2018-09-30,SEA,1193,8,9,0,1210,0,0,0,1210
2013-07-01,SEA,944,48,15,1,1008,0,0,0,1008
2018-09-29,SEA,1082,7,8,0,1097,0,0,0,1097
2013-07-02,SEA,957,48,7,0,1012,0,0,0,1012
2018-09-28,SEA,1266,13,11,0,1290,0,0,0,1290
2013-07-03,SEA,957,44,21,0,1022,0,0,0,1022
2018-09-27,SEA,1245,19,10,0,1274,0,0,0,1274
2013-07-04,SEA,801,35,6,0,842,0,0,0,842
2013-07-05,SEA,870,45,8,1,924,0,0,0,924
2018-10-05,SEA,1226,14,10,0,1250,0,0,0,1250
2018-09-15,SEA,1091,20,4,0,1115,0,0,0,1115
2018-09-14,SEA,1241,18,9,0,1268,0,0,0,1268
2018-09-03,SEA,1244,10,15,0,1269,0,0,0,1269
2013-07-28,SEA,939,41,16,0,996,0,0,0,996
2018-09-02,SEA,1112,9,10,0,1131,0,0,0,1131
2013-07-29,SEA,964,45,7,0,1016,0,0,0,1016
2018-09-01,SEA,1111,15,9,0,1135,0,0,0,1135
2013-07-30,SEA,956,46,9,0,1011,0,0,0,1011
2018-08-31,SEA,1342,31,11,0,1384,0,0,0,1384
2013-07-31,SEA,973,48,9,1,1031,0,0,0,1031
2018-08-30,SEA,1350,22,10,0,1382,0,0,0,1382
2013-08-01,SEA,962,49,6,3,1020,0,0,0,1020
2018-08-29,SEA,1326,22,4,0,1352,0,0,0,1352
2013-08-02,SEA,968,46,11,0,1025,0,0,0,1025
2018-08-28,SEA,1293,24,10,0,1327,0,0,0,1327
2013-08-03,SEA,898,36,12,1,947,0,0,0,947
2018-08-27,SEA,1302,17,12,1,1332,0,0,0,1332
2013-08-04,SEA,947,43,5,0,995,0,0,0,995
2018-08-26,SEA,1257,11,11,0,1279,0,0,0,1279
2013-07-27,SEA,883,37,16,2,938,0,0,0,938
2013-07-16,SEA,967,48,20,1,1036,0,0,0,1036
2018-09-04,SEA,1221,19,12,0,1252,0,0,0,1252
2018-09-05,SEA,1221,22,12,0,1255,0,0,0,1255
2013-07-17,SEA,971,48,7,0,1026,0,0,0,1026
2018-09-13,SEA,1235,21,10,0,1266,0,0,0,1266
2013-07-18,SEA,968,46,11,0,1025,0,0,0,1025
2018-09-12,SEA,1210,20,8,0,1238,0,0,0,1238
2013-07-19,SEA,960,50,10,0,1020,0,0,0,1020
2018-09-11,SEA,1185,23,10,0,1218,0,0,0,1218
2013-07-20,SEA,907,37,16,0,960,0,0,0,960
2018-09-10,SEA,1228,20,8,2,1258,0,0,0,1258
2013-07-21,SEA,953,43,6,0,1002,0,0,0,1002
2018-09-09,SEA,1208,13,9,0,1230,0,0,0,1230
2013-07-22,SEA,968,46,5,1,1020,0,0,0,1020
2018-09-08,SEA,1077,13,14,0,1104,0,0,0,1104
2013-07-23,SEA,968,48,14,1,1031,0,0,0,1031
2018-09-07,SEA,1230,16,11,0,1257,0,0,0,1257
2013-07-24,SEA,968,45,26,1,1040,0,0,0,1040
2018-09-06,SEA,1208,28,14,0,1250,0,0,0,1250
2013-07-25,SEA,960,46,12,2,1020,0,0,0,1020
2013-07-26,SEA,968,48,19,0,1035,0,0,0,1035
2013-08-05,SEA,943,48,26,0,1017,0,0,0,1017
2013-06-25,SEA,949,43,9,0,1001,0,0,0,1001
2013-06-24,SEA,940,44,3,0,987,0,0,0,987
2018-11-05,SEA,1155,14,11,0,1180,0,0,0,1180
2013-05-26,SEA,744,30,2,0,776,0,0,0,776
2018-11-04,SEA,1093,8,10,0,1111,0,0,0,1111
2013-05-27,SEA,833,38,8,0,879,0,0,0,879
2018-11-03,SEA,998,16,8,0,1022,0,0,0,1022
2013-05-28,SEA,838,51,10,0,899,0,0,0,899
2018-11-02,SEA,1160,10,6,0,1176,0,0,0,1176
2013-05-29,SEA,847,46,1,0,894,0,0,0,894
2018-11-01,SEA,1152,10,2,0,1164,0,0,0,1164
2013-05-30,SEA,861,47,8,2,918,0,0,0,918
2018-10-31,SEA,958,10,4,0,972,0,0,0,972
2013-05-31,SEA,860,48,16,0,924,0,0,0,924
2018-10-30,SEA,1093,13,5,0,1111,0,0,0,1111
2013-06-01,SEA,768,44,26,0,838,0,0,0,838
2018-10-29,SEA,1138,14,3,0,1155,0,0,0,1155
2013-06-02,SEA,863,37,12,0,912,0,0,0,912
2018-10-28,SEA,1089,1,6,0,1096,0,0,0,1096
2013-05-25,SEA,734,39,12,0,785,0,0,0,785
2013-06-03,SEA,899,46,8,0,953,0,0,0,953
2018-11-06,SEA,1096,11,8,0,1115,0,0,0,1115
2018-11-07,SEA,1134,15,7,0,1156,0,0,0,1156
2013-05-15,SEA,836,44,11,0,891,0,0,0,891
2018-11-15,SEA,1212,13,7,1,1233,0,0,0,1233
2013-05-16,SEA,851,47,3,0,901,0,0,0,901
2018-11-14,SEA,1146,13,5,0,1164,0,0,0,1164
2013-05-17,SEA,854,44,5,0,903,0,0,0,903
2018-11-13,SEA,1143,19,3,0,1165,0,0,0,1165
2013-05-18,SEA,741,41,6,0,788,0,0,0,788
2018-11-12,SEA,1177,17,6,0,1200,0,0,0,1200
2013-05-19,SEA,805,37,10,0,852,0,0,0,852
2018-11-11,SEA,1101,4,5,0,1110,0,0,0,1110
2013-05-20,SEA,847,50,9,0,906,0,0,0,906
2018-11-10,SEA,1016,8,1,0,1025,0,0,0,1025
2013-05-21,SEA,823,55,10,0,888,0,0,0,888
2018-11-09,SEA,1175,12,7,0,1194,0,0,0,1194
2013-05-22,SEA,846,46,1,0,893,0,0,0,893
2018-11-08,SEA,1181,14,16,0,1211,0,0,0,1211
2013-05-23,SEA,855,48,7,0,910,0,0,0,910
2013-05-24,SEA,863,51,13,0,927,0,0,0,927
2018-10-06,SEA,1008,10,5,0,1023,0,0,0,1023
2018-10-27,SEA,1007,14,9,0,1030,0,0,0,1030
2018-10-26,SEA,1222,10,3,0,1235,0,0,0,1235
2018-10-15,SEA,1214,11,6,0,1231,0,0,0,1231
2013-06-16,SEA,926,37,17,0,980,0,0,0,980
2018-10-14,SEA,1151,7,13,0,1171,0,0,0,1171
2013-06-17,SEA,940,46,8,0,994,0,0,0,994
2018-10-13,SEA,1040,4,8,0,1052,0,0,0,1052
2013-06-18,SEA,952,47,12,0,1011,0,0,0,1011
2018-10-12,SEA,1216,18,10,0,1244,0,0,0,1244
2013-06-19,SEA,968,43,8,0,1019,0,0,0,1019
2018-10-11,SEA,1219,15,10,0,1244,0,0,0,1244
2013-06-20,SEA,959,49,3,1,1012,0,0,0,1012
2018-10-10,SEA,1181,17,11,2,1211,0,0,0,1211
2013-06-21,SEA,942,43,13,0,998,0,0,0,998
2018-10-09,SEA,1175,17,6,0,1198,0,0,0,1198
2013-06-22,SEA,876,41,19,0,936,0,0,0,936
2018-10-08,SEA,1202,15,9,0,1226,0,0,0,1226
2013-06-23,SEA,916,38,15,0,969,0,0,0,969
2018-10-07,SEA,1120,6,12,0,1138,0,0,0,1138
2013-06-15,SEA,878,38,15,0,931,0,0,0,931
2013-06-04,SEA,874,49,13,0,936,0,0,0,936
2018-10-16,SEA,1181,14,5,0,1200,0,0,0,1200
2018-10-17,SEA,1185,20,23,0,1228,0,0,0,1228
2013-06-05,SEA,894,49,11,2,956,0,0,0,956
2018-10-25,SEA,1195,14,5,0,1214,0,0,0,1214
2013-06-06,SEA,900,50,13,0,963,0,0,0,963
2018-10-24,SEA,1188,16,10,0,1214,0,0,0,1214
2013-06-07,SEA,904,48,16,0,968,0,0,0,968
2018-10-23,SEA,1201,14,15,0,1230,0,0,0,1230
2013-06-08,SEA,812,38,9,0,859,0,0,0,859
2018-10-22,SEA,1099,12,6,0,1117,0,0,0,1117
2013-06-09,SEA,904,37,4,0,945,0,0,0,945
2018-10-21,SEA,1134,4,3,0,1141,0,0,0,1141
2013-06-10,SEA,911,42,6,0,959,0,0,0,959
2018-10-20,SEA,1029,5,3,0,1037,0,0,0,1037
2013-06-11,SEA,947,46,6,0,999,0,0,0,999
2018-10-19,SEA,1204,19,3,0,1226,0,0,0,1226
2013-06-12,SEA,928,44,7,0,979,0,0,0,979
2018-10-18,SEA,1199,17,12,0,1228,0,0,0,1228
2013-06-13,SEA,941,48,11,0,1000,0,0,0,1000
2013-06-14,SEA,992,43,7,0,1042,0,0,0,1042
2013-05-14,SEA,827,45,3,0,875,0,0,0,875
2018-08-25,SEA,1189,5,1,0,1195,0,0,0,1195
2018-08-24,SEA,1363,16,9,0,1388,0,0,0,1388
2018-07-02,SEA,1312,24,7,0,1343,0,0,0,1343
2013-09-29,SEA,815,41,6,0,862,0,0,0,862
2018-07-01,SEA,1274,8,10,0,1292,0,0,0,1292
2013-09-30,SEA,852,47,2,0,901,0,0,0,901
2018-06-30,SEA,1258,14,8,0,1280,0,0,0,1280
2013-10-01,SEA,818,45,0,0,863,0,0,0,863
2018-06-29,SEA,1375,21,10,0,1406,0,0,0,1406
2013-10-02,SEA,830,49,5,0,884,0,0,0,884
2018-06-28,SEA,1366,20,16,0,1402,0,0,0,1402
2013-10-03,SEA,837,52,12,0,901,0,0,0,901
2018-06-27,SEA,1371,14,10,1,1396,0,0,0,1396
2013-10-04,SEA,847,51,22,0,920,0,0,0,920
2018-06-26,SEA,1334,14,7,1,1356,0,0,0,1356
2013-10-05,SEA,700,29,25,0,754,0,0,0,754
2018-06-25,SEA,1370,20,9,1,1400,0,0,0,1400
2013-10-06,SEA,818,44,17,0,879,0,0,0,879
2018-06-24,SEA,1303,8,8,1,1320,0,0,0,1320
2013-09-28,SEA,774,28,4,0,806,0,0,0,806
2013-10-07,SEA,838,43,5,0,886,0,0,0,886
2018-07-03,SEA,1275,13,17,0,1305,0,0,0,1305
2018-07-04,SEA,1233,3,6,0,1242,0,0,0,1242
2013-09-18,SEA,897,42,10,0,949,0,0,0,949
2018-07-12,SEA,1387,12,17,1,1417,0,0,0,1417
2013-09-19,SEA,893,41,27,0,961,0,0,0,961
2018-07-11,SEA,1384,17,9,0,1410,0,0,0,1410
2013-09-20,SEA,917,40,11,0,968,0,0,0,968
2018-07-10,SEA,1374,16,7,0,1397,0,0,0,1397
2013-09-21,SEA,781,34,9,0,824,0,0,0,824
2018-07-09,SEA,1393,20,7,1,1421,0,0,0,1421
2013-09-22,SEA,855,36,4,0,895,0,0,0,895
2018-07-08,SEA,1343,10,12,0,1365,0,0,0,1365
2013-09-23,SEA,902,38,9,1,950,0,0,0,950
2018-07-07,SEA,1273,13,10,0,1296,0,0,0,1296
2013-09-24,SEA,850,43,8,0,901,0,0,0,901
2018-07-06,SEA,1343,16,11,1,1371,0,0,0,1371
2013-09-25,SEA,884,49,9,0,942,0,0,0,942
2018-07-05,SEA,1309,19,11,0,1339,0,0,0,1339
2013-09-26,SEA,896,48,11,2,957,0,0,0,957
2013-09-27,SEA,894,46,4,0,944,0,0,0,944
2018-07-13,SEA,1405,13,10,0,1428,0,0,0,1428
2018-06-23,SEA,1223,15,3,0,1241,0,0,0,1241
2018-06-22,SEA,1371,14,13,1,1399,0,0,0,1399
2018-06-11,SEA,1343,29,12,0,1384,0,0,0,1384
2013-10-20,SEA,806,36,3,0,845,0,0,0,845
2018-06-10,SEA,1269,15,8,0,1292,0,0,0,1292
2013-10-21,SEA,840,46,1,0,887,0,0,0,887
2018-06-09,SEA,1185,21,5,1,1212,0,0,0,1212
2013-10-22,SEA,824,40,3,0,867,0,0,0,867
2018-06-08,SEA,1331,34,5,0,1370,0,0,0,1370
2013-10-23,SEA,843,47,2,0,892,0,0,0,892
2018-06-07,SEA,1291,33,15,0,1339,0,0,0,1339
2013-10-24,SEA,867,33,2,0,902,0,0,0,902
2018-06-06,SEA,1241,31,16,2,1290,0,0,0,1290
2013-10-25,SEA,834,53,2,0,889,0,0,0,889
2018-06-05,SEA,1215,30,9,0,1254,0,0,0,1254
2013-10-26,SEA,692,29,5,0,726,0,0,0,726
2018-06-04,SEA,1250,33,4,0,1287,0,0,0,1287
2013-10-27,SEA,789,34,3,0,826,0,0,0,826
2018-06-03,SEA,1199,15,11,0,1225,0,0,0,1225
2013-10-19,SEA,711,25,0,0,736,0,0,0,736
2013-10-08,SEA,830,50,5,0,885,0,0,0,885
2018-06-12,SEA,1309,25,9,0,1343,0,0,0,1343
2018-06-13,SEA,1309,28,6,0,1343,0,0,0,1343
2013-10-09,SEA,819,52,6,0,877,0,0,0,877
2018-06-21,SEA,1354,23,6,0,1383,0,0,0,1383
2013-10-10,SEA,841,47,10,0,898,0,0,0,898
2018-06-20,SEA,1360,21,14,0,1395,0,0,0,1395
2013-10-11,SEA,840,49,3,0,892,0,0,0,892
2018-06-19,SEA,1321,16,17,0,1354,0,0,0,1354
2013-10-12,SEA,705,30,4,0,739,0,0,0,739
2018-06-18,SEA,1357,22,12,0,1391,0,0,0,1391
2013-10-13,SEA,809,33,8,0,850,0,0,0,850
2018-06-17,SEA,1307,17,12,0,1336,0,0,0,1336
2013-10-14,SEA,841,48,11,0,900,0,0,0,900
2018-06-16,SEA,1203,20,11,0,1234,0,0,0,1234
2013-10-15,SEA,822,49,17,0,888,0,0,0,888
2018-06-15,SEA,1349,26,6,1,1382,0,0,0,1382
2013-10-16,SEA,830,52,4,0,886,0,0,0,886
2018-06-14,SEA,1350,24,8,0,1382,0,0,0,1382
2013-10-17,SEA,834,49,8,0,891,0,0,0,891
2013-10-18,SEA,868,42,8,0,918,0,0,0,918
2013-08-06,SEA,963,49,32,0,1044,0,0,0,1044
2013-09-17,SEA,859,41,9,0,909,0,0,0,909
2013-09-16,SEA,887,39,8,0,934,0,0,0,934
2018-08-13,SEA,1359,16,9,0,1384,0,0,0,1384
2013-08-18,SEA,918,43,25,0,986,0,0,0,986
2018-08-12,SEA,1318,12,11,0,1341,0,0,0,1341
2013-08-19,SEA,951,46,15,1,1013,0,0,0,1013
2018-08-11,SEA,1295,17,8,1,1321,0,0,0,1321
2013-08-20,SEA,929,54,19,0,1002,0,0,0,1002
2018-08-10,SEA,1339,25,13,1,1378,0,0,0,1378
2013-08-21,SEA,942,48,18,0,1008,0,0,0,1008
2018-08-09,SEA,1392,18,12,0,1422,0,0,0,1422
2013-08-22,SEA,944,50,16,0,1010,0,0,0,1010
2018-08-08,SEA,1368,18,11,0,1397,0,0,0,1397
2013-08-23,SEA,945,46,5,0,996,0,0,0,996
2018-08-07,SEA,1366,18,10,0,1394,0,0,0,1394
2013-08-24,SEA,851,38,12,0,901,0,0,0,901
2018-08-06,SEA,1394,17,13,1,1425,0,0,0,1425
2013-08-25,SEA,899,40,18,0,957,0,0,0,957
2018-08-05,SEA,1343,13,11,0,1367,0,0,0,1367
2013-08-17,SEA,870,45,16,0,931,0,0,0,931
2013-08-26,SEA,912,48,10,2,972,0,0,0,972
2018-08-14,SEA,1353,12,8,0,1373,0,0,0,1373
2018-08-15,SEA,1361,24,8,0,1393,0,0,0,1393
2013-08-07,SEA,955,44,12,0,1011,0,0,0,1011
2018-08-23,SEA,1344,21,6,0,1371,0,0,0,1371
2013-08-08,SEA,965,51,14,0,1030,0,0,0,1030
2018-08-22,SEA,1373,18,7,0,1398,0,0,0,1398
2013-08-09,SEA,964,44,20,0,1028,0,0,0,1028
2018-08-21,SEA,1337,12,7,0,1356,0,0,0,1356
2013-08-10,SEA,891,34,13,0,938,0,0,0,938
2018-08-20,SEA,1354,22,12,1,1389,0,0,0,1389
2013-08-11,SEA,921,39,11,0,971,0,0,0,971
2018-08-19,SEA,1262,16,15,1,1294,0,0,0,1294
2013-08-12,SEA,936,46,13,0,995,0,0,0,995
2018-08-18,SEA,1220,14,11,0,1245,0,0,0,1245
2013-08-13,SEA,942,50,14,0,1006,0,0,0,1006
2018-08-17,SEA,1381,15,11,0,1407,0,0,0,1407
2013-08-14,SEA,943,46,24,0,1013,0,0,0,1013
2018-08-16,SEA,1357,19,9,0,1385,0,0,0,1385
2013-08-15,SEA,944,47,8,0,999,0,0,0,999
2013-08-16,SEA,960,52,11,0,1023,0,0,0,1023
2018-07-14,SEA,1253,14,14,1,1282,0,0,0,1282
2018-08-04,SEA,1268,12,11,1,1292,0,0,0,1292
2018-08-03,SEA,1387,21,11,0,1419,0,0,0,1419
2018-07-23,SEA,1379,24,5,0,1408,0,0,0,1408
2013-09-08,SEA,865,36,20,0,921,0,0,0,921
2018-07-22,SEA,1331,9,7,0,1347,0,0,0,1347
2013-09-09,SEA,904,44,11,0,959,0,0,0,959
2018-07-21,SEA,1272,8,7,0,1287,0,0,0,1287
2013-09-10,SEA,863,45,10,0,918,0,0,0,918
2018-07-20,SEA,1391,21,8,0,1420,0,0,0,1420
2013-09-11,SEA,879,40,19,0,938,0,0,0,938
2018-07-19,SEA,1374,25,9,0,1408,0,0,0,1408
2013-09-12,SEA,915,43,15,0,973,0,0,0,973
2018-07-18,SEA,1399,13,13,0,1425,0,0,0,1425
2013-09-13,SEA,922,39,11,0,972,0,0,0,972
2018-07-17,SEA,1348,13,13,0,1374,0,0,0,1374
2013-09-14,SEA,804,39,17,0,860,0,0,0,860
2018-07-16,SEA,1396,20,5,0,1421,0,0,0,1421
2013-09-15,SEA,878,35,10,0,923,0,0,0,923
2018-07-15,SEA,1323,9,8,0,1340,0,0,0,1340
2013-09-07,SEA,792,36,16,1,845,0,0,0,845
2013-08-27,SEA,900,46,4,5,955,0,0,0,955
2018-07-24,SEA,1373,24,11,0,1408,0,0,0,1408
2018-07-25,SEA,1382,21,7,1,1411,0,0,0,1411
2013-08-28,SEA,904,40,13,0,957,0,0,0,957
2018-08-02,SEA,1339,21,6,0,1366,0,0,0,1366
2013-08-29,SEA,917,42,4,0,963,0,0,0,963
2018-08-01,SEA,1372,16,5,0,1393,0,0,0,1393
2013-08-30,SEA,941,41,15,0,997,0,0,0,997
2018-07-31,SEA,1355,16,16,0,1387,0,0,0,1387
2013-08-31,SEA,786,35,14,0,835,0,0,0,835
2018-07-30,SEA,1385,17,10,2,1414,0,0,0,1414
2013-09-01,SEA,799,35,19,0,853,0,0,0,853
2018-07-29,SEA,1335,5,11,0,1351,0,0,0,1351
2013-09-02,SEA,880,38,10,0,928,0,0,0,928
2018-07-28,SEA,1265,17,6,0,1288,0,0,0,1288
2013-09-03,SEA,899,45,7,0,951,0,0,0,951
2018-07-27,SEA,1389,15,6,0,1410,0,0,0,1410
2013-09-04,SEA,900,45,9,0,954,0,0,0,954
2018-07-26,SEA,1380,21,9,0,1410,0,0,0,1410
2013-09-05,SEA,904,37,8,0,949,0,0,0,949
2013-09-06,SEA,912,41,7,0,960,0,0,0,960
2022-03-31,SEA,1094,12,5,0,1111,0,0,0,1111
